0 0.519976 0.409677 0.035109 0.058065
0 0.617433 0.386290 0.043584 0.056452
0 0.594431 0.469355 0.041162 0.061290
0 0.632567 0.496774 0.030266 0.041935
0 0.653753 0.470161 0.031477 0.040323
0 0.632567 0.566129 0.037530 0.048387
0 0.582324 0.586290 0.031477 0.046774
0 0.627119 0.768548 0.043584 0.050000
0 0.519370 0.716935 0.038741 0.059677
0 0.473366 0.520968 0.041162 0.038710
0 0.428571 0.594355 0.050847 0.053226
0 0.463680 0.610484 0.033898 0.043548
0 0.453390 0.655645 0.023002 0.043548
0 0.522397 0.666129 0.027845 0.025806
0 0.637409 0.645161 0.030266 0.054839
0 0.772397 0.594355 0.026634 0.046774
0 0.721550 0.569355 0.029056 0.029032
