0 0.440625 0.227778 0.045833 0.077778
0 0.482812 0.258333 0.036458 0.052778
0 0.582292 0.244444 0.031250 0.044444
0 0.561979 0.271528 0.030208 0.037500
0 0.658854 0.292361 0.040625 0.051389
0 0.610417 0.321528 0.039583 0.043056
0 0.571875 0.309028 0.033333 0.045833
0 0.543750 0.331944 0.029167 0.063889
0 0.659896 0.408333 0.032292 0.044444
0 0.529167 0.382639 0.041667 0.056944
0 0.446875 0.331250 0.041667 0.045833
0 0.455729 0.370833 0.053125 0.050000
0 0.397396 0.373611 0.038542 0.063889
0 0.357292 0.343750 0.031250 0.065278
0 0.394271 0.422917 0.040625 0.045833
0 0.698958 0.609028 0.039583 0.048611
0 0.739062 0.773611 0.048958 0.066667
0 0.632292 0.668056 0.062500 0.061111
0 0.578646 0.637500 0.048958 0.066667
0 0.643229 0.740278 0.063542 0.058333
0 0.498958 0.715278 0.062500 0.083333
0 0.541667 0.855556 0.050000 0.066667
0 0.433333 0.690972 0.052083 0.048611
0 0.416146 0.650694 0.046875 0.054167
0 0.354167 0.611806 0.070833 0.065278
0 0.244271 0.663194 0.044792 0.109722
