0 0.119271 0.031250 0.073958 0.059722
0 0.943229 0.070833 0.069792 0.083333
0 0.802083 0.362500 0.062500 0.088889
0 0.877604 0.521528 0.057292 0.076389
0 0.828646 0.634028 0.061458 0.098611
0 0.836458 0.750694 0.064583 0.101389
0 0.774479 0.764583 0.053125 0.084722
0 0.770833 0.595139 0.047917 0.073611
0 0.705729 0.629861 0.053125 0.093056
0 0.645833 0.773611 0.081250 0.088889
0 0.433854 0.736806 0.051042 0.079167
0 0.382292 0.786111 0.064583 0.105556
0 0.176042 0.965972 0.097917 0.068056
0 0.212500 0.825694 0.068750 0.095833
0 0.095312 0.801389 0.073958 0.080556
0 0.199479 0.627778 0.071875 0.083333
0 0.297917 0.639583 0.058333 0.129167
0 0.377083 0.643056 0.079167 0.094444
0 0.370833 0.522222 0.075000 0.088889
0 0.356771 0.445139 0.059375 0.109722
0 0.234375 0.344444 0.068750 0.100000
0 0.221875 0.513194 0.072917 0.123611
0 0.094271 0.461111 0.078125 0.075000
0 0.125521 0.386806 0.065625 0.148611
0 0.156250 0.273611 0.068750 0.100000
