0 0.959028 0.808333 0.081944 0.129167
0 0.690278 0.851562 0.094444 0.067708
0 0.720833 0.780208 0.075000 0.072917
0 0.802778 0.736979 0.105556 0.059375
0 0.831250 0.621875 0.115278 0.068750
0 0.818750 0.543750 0.068056 0.058333
0 0.786111 0.506771 0.077778 0.042708
0 0.756944 0.365104 0.091667 0.088542
0 0.736806 0.241667 0.084722 0.095833
0 0.670139 0.263542 0.081944 0.056250
0 0.665278 0.180208 0.088889 0.064583
0 0.614583 0.133854 0.087500 0.055208
0 0.548611 0.196875 0.100000 0.064583
0 0.490972 0.254167 0.054167 0.054167
0 0.558333 0.265104 0.072222 0.059375
0 0.529861 0.326562 0.090278 0.057292
0 0.523611 0.392188 0.100000 0.055208
0 0.643056 0.426042 0.075000 0.056250
0 0.518056 0.446875 0.097222 0.056250
0 0.422917 0.451042 0.059722 0.058333
0 0.606944 0.615625 0.069444 0.052083
0 0.635417 0.693229 0.118056 0.063542
0 0.461111 0.703125 0.088889 0.064583
0 0.448611 0.788021 0.102778 0.061458
0 0.515278 0.599479 0.080556 0.061458
0 0.397222 0.592187 0.047222 0.057292
0 0.363194 0.632292 0.070833 0.062500
0 0.326389 0.675000 0.061111 0.068750
0 0.328472 0.748958 0.084722 0.056250
0 0.247222 0.761979 0.091667 0.086458
0 0.265278 0.635938 0.075000 0.071875
0 0.174306 0.615104 0.084722 0.059375
0 0.154861 0.664583 0.109722 0.058333
0 0.172917 0.745313 0.076389 0.057292
0 0.124306 0.702083 0.059722 0.081250
0 0.046528 0.711979 0.084722 0.069792
0 0.050694 0.601562 0.098611 0.051042
0 0.270139 0.380208 0.065278 0.037500
0 0.359722 0.330729 0.083333 0.044792
0 0.335417 0.281771 0.090278 0.057292
0 0.413194 0.211979 0.073611 0.055208
0 0.432639 0.158854 0.040278 0.053125
0 0.483333 0.135937 0.066667 0.063542
0 0.372917 0.126042 0.081944 0.050000
0 0.386806 0.164062 0.065278 0.040625
0 0.322917 0.205729 0.095833 0.053125
0 0.197917 0.177604 0.095833 0.044792
0 0.188889 0.227083 0.083333 0.064583
0 0.227778 0.292708 0.086111 0.041667
0 0.166667 0.287500 0.061111 0.050000
0 0.088194 0.247917 0.056944 0.068750
0 0.029861 0.240625 0.056944 0.058333
0 0.104167 0.125000 0.086111 0.070833
