0 0.737500 0.846875 0.102778 0.075000
0 0.588194 0.222917 0.056944 0.054167
0 0.524306 0.602083 0.101389 0.056250
0 0.543750 0.676562 0.098611 0.059375
0 0.468750 0.689583 0.084722 0.058333
0 0.397917 0.714063 0.076389 0.078125
0 0.408333 0.777083 0.086111 0.056250
0 0.304167 0.765104 0.061111 0.055208
0 0.259028 0.798438 0.076389 0.042708
0 0.326389 0.837500 0.061111 0.054167
0 0.318056 0.618229 0.072222 0.048958
0 0.143750 0.546354 0.087500 0.065625
0 0.184722 0.688542 0.108333 0.064583
0 0.070139 0.715625 0.076389 0.062500
