0 0.893056 0.557813 0.080556 0.059375
0 0.643056 0.556771 0.066667 0.048958
0 0.415972 0.616146 0.070833 0.046875
0 0.276389 0.528646 0.066667 0.055208
0 0.334722 0.574479 0.077778 0.078125
0 0.234722 0.631771 0.077778 0.067708
0 0.148611 0.594792 0.077778 0.058333
0 0.328472 0.660417 0.076389 0.056250
0 0.419444 0.706250 0.061111 0.052083
0 0.231944 0.756771 0.080556 0.063542
0 0.293750 0.803646 0.068056 0.055208
0 0.452083 0.868229 0.073611 0.063542
0 0.086111 0.804167 0.058333 0.041667
0 0.122222 0.886979 0.075000 0.069792
