0 0.309028 0.588021 0.059722 0.044792
0 0.395139 0.585417 0.045833 0.043750
0 0.586111 0.579167 0.055556 0.041667
0 0.375694 0.550521 0.043056 0.021875
0 0.437500 0.552083 0.050000 0.033333
0 0.407639 0.527083 0.051389 0.020833
0 0.455556 0.516667 0.058333 0.027083
0 0.506250 0.513021 0.065278 0.038542
0 0.694444 0.518750 0.063889 0.031250
0 0.770139 0.508854 0.051389 0.036458
0 0.748611 0.478125 0.044444 0.031250
0 0.650694 0.492188 0.054167 0.021875
0 0.738889 0.375521 0.047222 0.046875
0 0.545833 0.469271 0.055556 0.021875
0 0.534722 0.451042 0.047222 0.031250
0 0.377778 0.447396 0.038889 0.038542
0 0.298611 0.506250 0.047222 0.025000
0 0.287500 0.485938 0.052778 0.026042
0 0.232639 0.469792 0.048611 0.020833
0 0.307639 0.397396 0.040278 0.023958
0 0.480556 0.382812 0.050000 0.038542
0 0.550000 0.367188 0.044444 0.026042
0 0.522222 0.341667 0.041667 0.025000
0 0.514583 0.313021 0.040278 0.036458
0 0.487500 0.316667 0.027778 0.039583
0 0.445139 0.351042 0.037500 0.025000
0 0.418056 0.364583 0.041667 0.039583
0 0.361111 0.338542 0.050000 0.020833
0 0.337500 0.351042 0.052778 0.039583
0 0.357639 0.313542 0.045833 0.027083
0 0.311111 0.317708 0.052778 0.027083
0 0.250000 0.332813 0.041667 0.028125
0 0.120139 0.322917 0.054167 0.035417
0 0.165278 0.236979 0.036111 0.034375
0 0.268750 0.269271 0.034722 0.030208
0 0.474306 0.278646 0.031944 0.023958
0 0.436111 0.271875 0.030556 0.027083
0 0.420139 0.288542 0.045833 0.029167
0 0.386111 0.284896 0.036111 0.032292
0 0.403472 0.246354 0.040278 0.021875
0 0.353472 0.251042 0.045833 0.031250
