0 0.462500 0.386806 0.045833 0.056944
0 0.546354 0.446528 0.048958 0.051389
0 0.629687 0.445833 0.026042 0.058333
0 0.547396 0.545139 0.036458 0.031944
0 0.610938 0.562500 0.040625 0.052778
0 0.653646 0.555556 0.034375 0.066667
0 0.508854 0.634722 0.032292 0.061111
0 0.554688 0.653472 0.030208 0.048611
0 0.517188 0.678472 0.030208 0.048611
0 0.600521 0.665972 0.028125 0.054167
0 0.572917 0.705556 0.037500 0.047222
0 0.565104 0.745833 0.038542 0.052778
0 0.647396 0.727083 0.040625 0.051389
0 0.655729 0.811806 0.042708 0.062500
0 0.622917 0.889583 0.045833 0.062500
0 0.668750 0.955556 0.047917 0.061111
0 0.358854 0.531944 0.053125 0.058333
0 0.352604 0.602083 0.036458 0.059722
0 0.358854 0.709722 0.036458 0.052778
0 0.392708 0.858333 0.039583 0.061111
0 0.322396 0.729167 0.036458 0.083333
0 0.345313 0.877083 0.038542 0.090278
0 0.298958 0.854861 0.039583 0.056944
0 0.263542 0.936111 0.033333 0.058333
0 0.298958 0.974306 0.033333 0.051389
0 0.250521 0.831250 0.042708 0.048611
0 0.242708 0.769444 0.045833 0.050000
0 0.268750 0.713194 0.031250 0.056944
0 0.277083 0.660417 0.031250 0.051389
0 0.217708 0.680556 0.041667 0.050000
