0 0.883333 0.592187 0.072222 0.055208
0 0.507639 0.589583 0.068056 0.062500
0 0.420833 0.626563 0.069444 0.051042
0 0.262500 0.736979 0.069444 0.059375
0 0.156250 0.706771 0.062500 0.069792
0 0.070139 0.717708 0.084722 0.052083
0 0.159722 0.579688 0.083333 0.053125
0 0.417361 0.517708 0.059722 0.037500
0 0.393750 0.479687 0.065278 0.069792
0 0.258333 0.443750 0.044444 0.050000
0 0.265278 0.371354 0.069444 0.048958
0 0.159028 0.382812 0.095833 0.044792
0 0.093750 0.432812 0.065278 0.048958
0 0.170139 0.472917 0.070833 0.050000
