0 0.069444 0.100521 0.075000 0.065625
0 0.200694 0.197917 0.068056 0.054167
0 0.550000 0.156771 0.058333 0.051042
0 0.722222 0.185938 0.050000 0.063542
0 0.835417 0.224479 0.079167 0.053125
0 0.688889 0.331771 0.050000 0.042708
0 0.540972 0.404167 0.101389 0.047917
0 0.302778 0.336458 0.052778 0.062500
0 0.349306 0.377604 0.059722 0.073958
0 0.250000 0.375521 0.063889 0.042708
0 0.203472 0.363021 0.073611 0.034375
0 0.125000 0.335417 0.041667 0.029167
0 0.129167 0.389583 0.061111 0.039583
0 0.177778 0.441146 0.066667 0.032292
0 0.165972 0.471875 0.056944 0.043750
0 0.102083 0.545312 0.076389 0.069792
0 0.349306 0.465104 0.045833 0.046875
0 0.321528 0.544271 0.054167 0.044792
0 0.475694 0.543229 0.065278 0.034375
0 0.677083 0.494792 0.065278 0.050000
0 0.778472 0.484375 0.070833 0.043750
0 0.826389 0.548438 0.058333 0.046875
0 0.733333 0.528125 0.094444 0.045833
0 0.652778 0.573438 0.058333 0.048958
0 0.731250 0.596354 0.070833 0.048958
0 0.700000 0.646875 0.077778 0.070833
0 0.586111 0.634896 0.058333 0.040625
0 0.526389 0.598958 0.077778 0.041667
0 0.517361 0.673958 0.065278 0.037500
0 0.436111 0.594271 0.063889 0.038542
0 0.202083 0.612500 0.079167 0.041667
0 0.236806 0.680208 0.076389 0.056250
0 0.111111 0.663542 0.041667 0.052083
