0 0.845139 0.166146 0.090278 0.046875
0 0.757639 0.190625 0.051389 0.054167
0 0.685417 0.222396 0.068056 0.059375
0 0.785417 0.257292 0.076389 0.052083
0 0.605556 0.277083 0.055556 0.056250
0 0.348611 0.308854 0.061111 0.038542
0 0.247917 0.302604 0.054167 0.051042
0 0.149306 0.305208 0.045833 0.052083
0 0.087500 0.343750 0.052778 0.045833
0 0.752778 0.327083 0.058333 0.052083
0 0.847222 0.370833 0.072222 0.050000
0 0.782639 0.379688 0.048611 0.040625
0 0.738194 0.418229 0.045833 0.042708
0 0.697917 0.426042 0.059722 0.041667
0 0.644444 0.372396 0.058333 0.046875
0 0.507639 0.402604 0.054167 0.053125
0 0.404861 0.413021 0.056944 0.048958
0 0.302778 0.389583 0.061111 0.056250
0 0.154167 0.419792 0.072222 0.050000
0 0.550000 0.429688 0.055556 0.042708
0 0.606944 0.468750 0.052778 0.047917
0 0.104167 0.504687 0.058333 0.042708
0 0.173611 0.482292 0.086111 0.052083
0 0.247222 0.496354 0.061111 0.059375
0 0.376389 0.517708 0.069444 0.062500
0 0.268750 0.549479 0.056944 0.055208
0 0.140278 0.579688 0.075000 0.055208
0 0.415972 0.576042 0.056944 0.043750
0 0.688194 0.525521 0.068056 0.034375
0 0.750000 0.500521 0.066667 0.032292
0 0.870833 0.494271 0.044444 0.040625
0 0.885417 0.529167 0.037500 0.047917
0 0.831250 0.526563 0.059722 0.055208
0 0.836806 0.591667 0.062500 0.039583
0 0.896528 0.635417 0.051389 0.060417
0 0.809722 0.658854 0.066667 0.048958
0 0.859722 0.693229 0.080556 0.046875
0 0.838889 0.732292 0.058333 0.052083
0 0.754167 0.663542 0.047222 0.047917
0 0.711111 0.615104 0.052778 0.065625
0 0.552778 0.611458 0.055556 0.064583
0 0.600694 0.600000 0.048611 0.041667
0 0.341667 0.620833 0.066667 0.041667
0 0.339583 0.668229 0.065278 0.057292
0 0.263194 0.632812 0.065278 0.059375
0 0.183333 0.681771 0.052778 0.040625
0 0.098611 0.728646 0.058333 0.055208
0 0.200000 0.762500 0.055556 0.047917
0 0.413889 0.790625 0.063889 0.052083
0 0.573611 0.779167 0.061111 0.054167
0 0.550000 0.857292 0.055556 0.050000
