0 0.314770 0.685484 0.055690 0.067742
0 0.655569 0.255645 0.032688 0.066129
0 0.492736 0.662903 0.033898 0.051613
0 0.591404 0.617742 0.039952 0.048387
0 0.493947 0.608871 0.038741 0.040323
0 0.301453 0.388710 0.036320 0.054839
0 0.363801 0.436290 0.037530 0.072581
0 0.424939 0.480645 0.038741 0.041935
0 0.438862 0.450000 0.042373 0.064516
0 0.381356 0.230645 0.038741 0.058065
0 0.553269 0.304839 0.036320 0.029032
0 0.460654 0.279032 0.030266 0.077419
0 0.535714 0.525806 0.032688 0.061290
0 0.472155 0.412903 0.041162 0.058065
0 0.509080 0.385484 0.035109 0.048387
0 0.587772 0.483065 0.044794 0.050000
0 0.621065 0.541129 0.036320 0.059677
0 0.627724 0.493548 0.037530 0.038710
0 0.486683 0.350000 0.026634 0.038710
0 0.417676 0.251613 0.048426 0.048387
0 0.458838 0.595968 0.029056 0.037097
0 0.358354 0.300000 0.029056 0.074194
0 0.329903 0.316935 0.030266 0.043548
