0 0.967361 0.720833 0.062500 0.058333
0 0.786111 0.727604 0.077778 0.042708
0 0.165278 0.640104 0.066667 0.057292
0 0.077083 0.531250 0.068056 0.058333
0 0.291667 0.458854 0.063889 0.040625
0 0.492361 0.481771 0.073611 0.057292
0 0.693750 0.480208 0.065278 0.043750
0 0.661806 0.516667 0.081944 0.041667
0 0.700000 0.548958 0.066667 0.058333
0 0.574306 0.573958 0.059722 0.050000
0 0.494444 0.542188 0.069444 0.046875
0 0.486111 0.582812 0.100000 0.046875
0 0.402083 0.598958 0.095833 0.041667
0 0.422917 0.631771 0.076389 0.034375
0 0.736111 0.409896 0.075000 0.051042
0 0.544444 0.394792 0.086111 0.054167
0 0.434722 0.360938 0.063889 0.042708
0 0.231944 0.252604 0.050000 0.048958
0 0.197917 0.199479 0.056944 0.032292
0 0.435417 0.276562 0.068056 0.055208
0 0.475000 0.161458 0.055556 0.039583
0 0.537500 0.139063 0.061111 0.036458
0 0.522917 0.220312 0.048611 0.044792
0 0.581944 0.205729 0.061111 0.040625
0 0.512500 0.282813 0.069444 0.046875
0 0.561806 0.266667 0.056944 0.058333
0 0.568750 0.333854 0.070833 0.040625
0 0.615972 0.331250 0.048611 0.039583
0 0.651389 0.341146 0.063889 0.046875
0 0.962500 0.309896 0.072222 0.048958
0 0.785417 0.301042 0.081944 0.037500
0 0.728472 0.284375 0.062500 0.037500
0 0.673611 0.273438 0.061111 0.038542
0 0.668056 0.234896 0.050000 0.046875
0 0.681944 0.202604 0.055556 0.042708
0 0.772917 0.236458 0.068056 0.058333
0 0.809028 0.184896 0.073611 0.042708
0 0.957639 0.143229 0.059722 0.038542
0 0.843750 0.143750 0.079167 0.041667
0 0.736111 0.179688 0.052778 0.046875
0 0.651389 0.157292 0.052778 0.056250
0 0.703472 0.143229 0.070833 0.038542
