0 0.036806 0.758854 0.045833 0.044792
0 0.163194 0.702604 0.048611 0.032292
0 0.107639 0.639583 0.037500 0.035417
0 0.131944 0.616667 0.050000 0.033333
0 0.189583 0.639062 0.031944 0.028125
0 0.259028 0.655208 0.048611 0.037500
0 0.311806 0.645312 0.031944 0.036458
0 0.387500 0.630208 0.050000 0.031250
0 0.490278 0.670312 0.044444 0.036458
0 0.520833 0.662500 0.041667 0.027083
0 0.190972 0.610938 0.051389 0.026042
0 0.581250 0.639062 0.045833 0.034375
0 0.631250 0.621354 0.026389 0.026042
0 0.600000 0.608333 0.038889 0.031250
0 0.581944 0.588542 0.038889 0.029167
0 0.622222 0.570833 0.047222 0.029167
0 0.543056 0.563021 0.030556 0.032292
0 0.457639 0.550521 0.040278 0.034375
0 0.398611 0.539583 0.050000 0.020833
0 0.389583 0.561458 0.037500 0.029167
0 0.418750 0.577604 0.037500 0.028125
0 0.259722 0.553125 0.044444 0.027083
0 0.243056 0.524479 0.027778 0.032292
0 0.211806 0.548958 0.040278 0.033333
0 0.168750 0.574479 0.068056 0.030208
0 0.172917 0.523958 0.040278 0.031250
0 0.169444 0.494271 0.036111 0.034375
0 0.166667 0.458854 0.052778 0.030208
0 0.243750 0.478125 0.040278 0.037500
0 0.309028 0.475000 0.045833 0.020833
0 0.327083 0.491667 0.037500 0.029167
0 0.365972 0.484896 0.045833 0.028125
0 0.449306 0.493750 0.043056 0.029167
0 0.488194 0.486979 0.040278 0.036458
0 0.610417 0.487500 0.040278 0.033333
0 0.658333 0.520312 0.058333 0.032292
0 0.682639 0.405729 0.040278 0.028125
0 0.596528 0.407813 0.043056 0.036458
0 0.419444 0.402604 0.044444 0.040625
0 0.265278 0.404687 0.058333 0.032292
0 0.217361 0.414583 0.040278 0.035417
0 0.204167 0.369792 0.047222 0.035417
0 0.223611 0.314583 0.041667 0.033333
0 0.307639 0.307292 0.043056 0.037500
0 0.356250 0.334375 0.048611 0.033333
0 0.400000 0.340104 0.030556 0.036458
