0 0.336806 0.672917 0.065278 0.031250
0 0.159028 0.634375 0.073611 0.066667
0 0.134722 0.598958 0.052778 0.047917
0 0.309028 0.578646 0.059722 0.046875
0 0.590972 0.559375 0.076389 0.041667
0 0.631250 0.529687 0.070833 0.040625
0 0.524306 0.516146 0.056944 0.038542
0 0.463194 0.527604 0.048611 0.044792
0 0.315972 0.456250 0.054167 0.037500
0 0.304167 0.486458 0.072222 0.041667
0 0.245139 0.401562 0.051389 0.036458
0 0.193750 0.359896 0.062500 0.017708
0 0.298611 0.327604 0.066667 0.034375
0 0.317361 0.361979 0.065278 0.042708
0 0.631944 0.461979 0.041667 0.034375
0 0.522222 0.447917 0.063889 0.037500
0 0.506944 0.417187 0.050000 0.032292
0 0.463889 0.388542 0.050000 0.045833
0 0.513889 0.391146 0.063889 0.032292
0 0.570833 0.413542 0.050000 0.043750
0 0.625000 0.423958 0.052778 0.047917
0 0.674306 0.415104 0.062500 0.034375
0 0.675000 0.383333 0.063889 0.043750
0 0.657639 0.347396 0.062500 0.036458
