0 0.831944 0.188542 0.069444 0.045833
0 0.590278 0.262500 0.063889 0.039583
0 0.758333 0.433854 0.069444 0.034375
0 0.628472 0.413542 0.062500 0.025000
0 0.688889 0.454688 0.050000 0.051042
0 0.593056 0.465625 0.066667 0.043750
0 0.286806 0.471875 0.048611 0.043750
0 0.224306 0.445312 0.062500 0.065625
0 0.134028 0.464583 0.059722 0.039583
0 0.095139 0.431250 0.081944 0.054167
0 0.180556 0.500521 0.094444 0.046875
0 0.132639 0.558333 0.087500 0.047917
0 0.213194 0.638542 0.098611 0.060417
0 0.583333 0.514583 0.061111 0.052083
0 0.499306 0.535417 0.051389 0.045833
0 0.328472 0.666146 0.059722 0.046875
0 0.751389 0.527604 0.061111 0.042708
0 0.747917 0.560417 0.068056 0.045833
0 0.736806 0.589063 0.068056 0.036458
0 0.804861 0.634375 0.059722 0.047917
0 0.767361 0.659896 0.059722 0.057292
0 0.622917 0.626563 0.087500 0.044792
0 0.677083 0.677604 0.051389 0.038542
0 0.497917 0.626042 0.059722 0.043750
0 0.547222 0.641146 0.052778 0.055208
0 0.431250 0.669271 0.070833 0.046875
0 0.498611 0.698438 0.077778 0.078125
0 0.582639 0.704688 0.062500 0.071875
0 0.820833 0.781250 0.066667 0.047917
0 0.755556 0.870313 0.050000 0.059375
0 0.639583 0.856250 0.056944 0.052083
0 0.285417 0.867708 0.043056 0.050000
0 0.475000 0.923958 0.061111 0.041667
0 0.497917 0.964063 0.059722 0.061458
0 0.650000 0.984896 0.069444 0.030208
