0 0.856250 0.923438 0.070833 0.088542
0 0.856944 0.669271 0.050000 0.057292
0 0.670139 0.612500 0.068056 0.064583
0 0.639583 0.534896 0.068056 0.046875
0 0.684028 0.485417 0.079167 0.043750
0 0.741667 0.498437 0.055556 0.046875
0 0.593750 0.491667 0.081944 0.054167
0 0.250694 0.494792 0.037500 0.047917
0 0.213194 0.508854 0.045833 0.069792
0 0.090278 0.477083 0.058333 0.047917
0 0.068750 0.427604 0.056944 0.053125
0 0.148611 0.439063 0.058333 0.040625
0 0.129861 0.397917 0.068056 0.041667
0 0.312500 0.414062 0.072222 0.046875
0 0.745833 0.436979 0.069444 0.042708
0 0.743056 0.398958 0.083333 0.035417
0 0.611806 0.376042 0.068056 0.052083
0 0.519444 0.376042 0.075000 0.037500
0 0.473611 0.371354 0.044444 0.063542
0 0.322222 0.368750 0.075000 0.041667
0 0.124306 0.339062 0.073611 0.048958
0 0.186806 0.337500 0.065278 0.047917
0 0.198611 0.291667 0.047222 0.043750
0 0.159722 0.289062 0.047222 0.038542
0 0.258333 0.320312 0.058333 0.036458
0 0.278472 0.275521 0.048611 0.046875
0 0.356944 0.281771 0.066667 0.053125
0 0.305556 0.224479 0.044444 0.057292
0 0.154861 0.189062 0.062500 0.084375
0 0.375694 0.226562 0.070833 0.040625
0 0.502083 0.241667 0.056944 0.072917
0 0.555556 0.283333 0.061111 0.054167
0 0.635417 0.314583 0.070833 0.043750
0 0.760417 0.301042 0.079167 0.058333
0 0.658333 0.267188 0.066667 0.046875
0 0.645139 0.217188 0.079167 0.042708
0 0.759028 0.225521 0.054167 0.042708
0 0.809722 0.239583 0.050000 0.075000
