0 0.100000 0.063542 0.075000 0.050000
0 0.411806 0.252083 0.056944 0.066667
0 0.650694 0.359375 0.073611 0.056250
0 0.431944 0.372917 0.097222 0.052083
0 0.261111 0.408854 0.069444 0.048958
0 0.209722 0.364063 0.080556 0.042708
0 0.185417 0.414062 0.068056 0.053125
0 0.918750 0.526563 0.093056 0.065625
0 0.822917 0.582292 0.068056 0.056250
0 0.731250 0.581771 0.062500 0.059375
0 0.763194 0.674479 0.073611 0.059375
0 0.645139 0.860938 0.073611 0.063542
0 0.656944 0.583333 0.075000 0.052083
0 0.390972 0.628125 0.076389 0.041667
0 0.256944 0.659896 0.055556 0.055208
0 0.053472 0.575000 0.065278 0.054167
0 0.133333 0.531771 0.066667 0.059375
0 0.184028 0.521354 0.081944 0.061458
0 0.295139 0.543229 0.104167 0.051042
