0 0.794444 0.191146 0.069444 0.055208
0 0.957639 0.304688 0.062500 0.078125
0 0.811806 0.348958 0.070833 0.072917
0 0.906944 0.391667 0.052778 0.052083
0 0.188194 0.296875 0.048611 0.058333
0 0.106944 0.354167 0.058333 0.037500
0 0.141667 0.368229 0.058333 0.036458
0 0.295139 0.333854 0.068056 0.059375
0 0.429167 0.356250 0.063889 0.047917
0 0.215278 0.395833 0.058333 0.035417
0 0.279861 0.435417 0.059722 0.043750
0 0.222917 0.461458 0.051389 0.039583
0 0.234722 0.501042 0.055556 0.050000
0 0.129861 0.539062 0.065278 0.038542
0 0.235417 0.601562 0.062500 0.040625
0 0.180556 0.953646 0.072222 0.055208
0 0.288889 0.664062 0.075000 0.051042
0 0.614583 0.897917 0.106944 0.056250
0 0.340278 0.581250 0.061111 0.045833
0 0.302778 0.532813 0.047222 0.030208
0 0.336806 0.508854 0.070833 0.042708
0 0.429861 0.527083 0.062500 0.047917
0 0.414583 0.573438 0.065278 0.048958
0 0.472917 0.672396 0.054167 0.053125
0 0.624306 0.737500 0.070833 0.056250
0 0.739583 0.734375 0.076389 0.062500
0 0.822917 0.678646 0.081944 0.053125
0 0.632639 0.684375 0.062500 0.047917
0 0.676389 0.668750 0.075000 0.050000
0 0.534722 0.621354 0.086111 0.046875
0 0.546528 0.556771 0.051389 0.053125
0 0.589583 0.433854 0.070833 0.053125
0 0.598611 0.504167 0.061111 0.058333
0 0.686806 0.450000 0.093056 0.043750
0 0.713194 0.482812 0.065278 0.042708
0 0.870833 0.497917 0.061111 0.087500
0 0.766667 0.521875 0.066667 0.056250
0 0.645833 0.548438 0.077778 0.046875
0 0.709722 0.552083 0.069444 0.052083
0 0.784028 0.568750 0.065278 0.047917
0 0.764583 0.618750 0.065278 0.068750
0 0.694444 0.617708 0.080556 0.045833
