0 0.222222 0.083333 0.072222 0.085417
0 0.240278 0.273438 0.063889 0.059375
0 0.332639 0.301042 0.065278 0.050000
0 0.256944 0.345313 0.066667 0.044792
0 0.202083 0.342708 0.054167 0.045833
0 0.785417 0.360938 0.056944 0.036458
0 0.528472 0.385417 0.056944 0.064583
0 0.369444 0.433854 0.058333 0.042708
0 0.317361 0.408333 0.062500 0.043750
0 0.291667 0.440104 0.061111 0.048958
0 0.201389 0.403125 0.058333 0.043750
0 0.179167 0.433333 0.058333 0.031250
0 0.075000 0.433854 0.052778 0.034375
0 0.102083 0.468750 0.070833 0.043750
0 0.069444 0.494792 0.047222 0.035417
0 0.150694 0.527083 0.065278 0.041667
0 0.300694 0.503646 0.054167 0.055208
0 0.370139 0.502604 0.065278 0.048958
0 0.256250 0.586458 0.059722 0.050000
0 0.183333 0.578125 0.063889 0.045833
0 0.050694 0.728125 0.068056 0.064583
0 0.127778 0.787500 0.077778 0.056250
0 0.189583 0.900521 0.109722 0.057292
0 0.568750 0.405729 0.062500 0.036458
0 0.604861 0.436979 0.065278 0.028125
0 0.571528 0.453125 0.068056 0.041667
0 0.582639 0.532292 0.065278 0.058333
0 0.563889 0.582812 0.069444 0.051042
0 0.640972 0.405208 0.073611 0.041667
0 0.688889 0.461979 0.055556 0.046875
0 0.778472 0.464062 0.070833 0.036458
0 0.788194 0.505208 0.065278 0.035417
0 0.878472 0.553646 0.065278 0.044792
0 0.820139 0.595313 0.059722 0.040625
0 0.854861 0.733854 0.065278 0.048958
