0 0.781944 0.264583 0.063889 0.052083
0 0.803472 0.326042 0.051389 0.047917
0 0.790278 0.442188 0.069444 0.048958
0 0.729167 0.399479 0.061111 0.042708
0 0.670833 0.410938 0.058333 0.046875
0 0.710417 0.446875 0.051389 0.041667
0 0.655556 0.522396 0.052778 0.034375
0 0.701389 0.597917 0.044444 0.037500
0 0.640972 0.655208 0.081944 0.043750
0 0.718056 0.683333 0.052778 0.041667
0 0.769444 0.673958 0.063889 0.050000
0 0.608333 0.418750 0.041667 0.035417
0 0.545139 0.384375 0.051389 0.035417
0 0.218056 0.544271 0.069444 0.055208
0 0.261111 0.464062 0.055556 0.048958
0 0.305556 0.436458 0.052778 0.054167
0 0.299306 0.376563 0.059722 0.038542
0 0.243750 0.340625 0.062500 0.045833
0 0.145139 0.396354 0.068056 0.044792
