0 0.392361 0.856250 0.070833 0.058333
0 0.210417 0.713021 0.084722 0.059375
0 0.188194 0.607292 0.054167 0.033333
0 0.225694 0.613021 0.059722 0.036458
0 0.349306 0.626042 0.059722 0.039583
0 0.410417 0.606250 0.051389 0.050000
0 0.525000 0.597396 0.066667 0.038542
0 0.826389 0.584896 0.052778 0.044792
0 0.904861 0.615104 0.062500 0.036458
0 0.624306 0.517188 0.065278 0.051042
0 0.360417 0.560417 0.081944 0.045833
0 0.292361 0.556250 0.056944 0.058333
0 0.218056 0.551562 0.080556 0.051042
0 0.210417 0.468750 0.076389 0.050000
0 0.327083 0.481250 0.073611 0.037500
0 0.604861 0.369792 0.059722 0.052083
0 0.363194 0.364583 0.062500 0.041667
0 0.283333 0.402083 0.088889 0.041667
0 0.217361 0.368750 0.070833 0.056250
0 0.125694 0.278125 0.048611 0.052083
0 0.225694 0.222396 0.065278 0.053125
0 0.407639 0.270833 0.051389 0.043750
0 0.336806 0.128125 0.076389 0.066667
