0 0.810417 0.184896 0.073611 0.057292
0 0.822917 0.294792 0.059722 0.052083
0 0.718750 0.363021 0.087500 0.063542
0 0.137500 0.446875 0.072222 0.054167
0 0.122222 0.596875 0.072222 0.047917
0 0.410417 0.570833 0.062500 0.047917
0 0.645139 0.719792 0.073611 0.052083
0 0.773611 0.608854 0.069444 0.048958
0 0.737500 0.568750 0.063889 0.060417
0 0.836806 0.556250 0.068056 0.039583
0 0.854167 0.468750 0.052778 0.056250
0 0.730556 0.451562 0.055556 0.038542
0 0.663194 0.438542 0.065278 0.047917
0 0.679861 0.478646 0.109722 0.051042
