0 0.052083 0.245833 0.059722 0.047917
0 0.117361 0.223958 0.056944 0.047917
0 0.181250 0.225521 0.065278 0.046875
0 0.438889 0.213021 0.052778 0.044792
0 0.632639 0.219792 0.051389 0.037500
0 0.758333 0.284375 0.058333 0.045833
0 0.310417 0.295833 0.059722 0.054167
0 0.103472 0.318229 0.045833 0.048958
0 0.143750 0.322917 0.045833 0.041667
0 0.600694 0.319271 0.051389 0.042708
0 0.741667 0.352083 0.061111 0.045833
0 0.826389 0.376563 0.075000 0.046875
0 0.554861 0.408854 0.065278 0.040625
0 0.263194 0.357292 0.048611 0.041667
0 0.310417 0.378125 0.037500 0.043750
0 0.370833 0.405208 0.052778 0.043750
0 0.498611 0.441667 0.058333 0.041667
0 0.470139 0.600000 0.059722 0.050000
0 0.580556 0.490625 0.047222 0.045833
0 0.625000 0.495312 0.050000 0.053125
0 0.709722 0.488542 0.052778 0.043750
0 0.617361 0.570312 0.065278 0.036458
0 0.675694 0.579688 0.045833 0.040625
0 0.657639 0.603646 0.051389 0.040625
0 0.797917 0.611458 0.054167 0.037500
0 0.241667 0.394271 0.058333 0.032292
0 0.140972 0.390104 0.045833 0.034375
0 0.091667 0.390104 0.050000 0.038542
0 0.157639 0.420312 0.056944 0.036458
0 0.061111 0.415104 0.052778 0.038542
0 0.218750 0.434375 0.031944 0.041667
0 0.289583 0.443750 0.048611 0.025000
0 0.259028 0.459896 0.073611 0.036458
0 0.063194 0.488021 0.043056 0.040625
0 0.134028 0.467708 0.056944 0.037500
0 0.329167 0.492708 0.058333 0.039583
0 0.350694 0.528125 0.045833 0.035417
0 0.198611 0.487500 0.050000 0.041667
0 0.218056 0.516146 0.058333 0.032292
0 0.200694 0.541667 0.051389 0.033333
0 0.283333 0.520833 0.047222 0.033333
0 0.291667 0.553646 0.041667 0.036458
0 0.029167 0.531771 0.052778 0.036458
0 0.070139 0.549479 0.043056 0.040625
0 0.112500 0.590625 0.047222 0.041667
0 0.143750 0.571875 0.040278 0.037500
0 0.177778 0.563542 0.041667 0.039583
0 0.281250 0.592187 0.045833 0.042708
0 0.286806 0.617708 0.056944 0.031250
0 0.234722 0.614583 0.050000 0.041667
0 0.224306 0.661979 0.043056 0.038542
0 0.300694 0.728125 0.059722 0.043750
0 0.190972 0.764583 0.076389 0.043750
0 0.168750 0.733854 0.059722 0.040625
0 0.035417 0.763542 0.056944 0.033333
0 0.020833 0.727604 0.036111 0.040625
0 0.069444 0.696875 0.038889 0.035417
0 0.117361 0.715104 0.045833 0.040625
0 0.051389 0.663542 0.066667 0.035417
0 0.072222 0.639583 0.036111 0.039583
0 0.118750 0.642188 0.040278 0.036458
0 0.163194 0.646875 0.056944 0.043750
