0 0.648611 0.708854 0.047222 0.048958
0 0.215278 0.725521 0.077778 0.051042
0 0.358333 0.621354 0.063889 0.034375
0 0.145833 0.588021 0.061111 0.051042
0 0.621528 0.573438 0.054167 0.048958
0 0.711806 0.548438 0.068056 0.048958
0 0.534028 0.477083 0.065278 0.047917
0 0.636806 0.363542 0.062500 0.037500
0 0.734028 0.384896 0.065278 0.032292
0 0.100694 0.480729 0.048611 0.059375
0 0.154861 0.452083 0.073611 0.039583
0 0.123611 0.403646 0.061111 0.046875
0 0.244444 0.360417 0.077778 0.054167
0 0.068750 0.353646 0.043056 0.046875
0 0.102778 0.311979 0.047222 0.044792
0 0.150694 0.337500 0.056944 0.056250
0 0.136111 0.184375 0.063889 0.052083
