0 0.207639 0.106771 0.126389 0.071875
0 0.491667 0.119792 0.077778 0.066667
0 0.675000 0.131250 0.086111 0.043750
0 0.764583 0.193229 0.095833 0.071875
0 0.764583 0.232813 0.076389 0.046875
0 0.575000 0.183333 0.102778 0.050000
0 0.538194 0.219792 0.068056 0.062500
0 0.360417 0.148958 0.056944 0.058333
0 0.195833 0.194792 0.091667 0.058333
0 0.139583 0.249479 0.104167 0.059375
0 0.228472 0.319792 0.087500 0.077083
0 0.288889 0.191146 0.133333 0.061458
0 0.388889 0.231250 0.100000 0.100000
0 0.480556 0.295312 0.083333 0.073958
0 0.567361 0.269271 0.087500 0.059375
0 0.684722 0.343750 0.119444 0.056250
0 0.619444 0.375521 0.058333 0.065625
0 0.570833 0.344271 0.066667 0.057292
0 0.661806 0.489063 0.070833 0.065625
0 0.429861 0.594792 0.140278 0.089583
0 0.619444 0.610938 0.069444 0.059375
0 0.573611 0.665104 0.113889 0.051042
0 0.584722 0.705729 0.066667 0.046875
0 0.920833 0.828646 0.075000 0.044792
0 0.687500 0.782292 0.091667 0.064583
0 0.515278 0.814063 0.088889 0.055208
0 0.525694 0.860417 0.076389 0.054167
0 0.483333 0.360938 0.063889 0.053125
