0 0.050694 0.364583 0.076389 0.064583
0 0.505556 0.169271 0.080556 0.067708
0 0.647222 0.227604 0.072222 0.046875
0 0.606250 0.264583 0.062500 0.043750
0 0.571528 0.340625 0.073611 0.052083
0 0.732639 0.303125 0.079167 0.066667
0 0.204167 0.603646 0.069444 0.088542
0 0.365278 0.620833 0.083333 0.066667
0 0.495833 0.613021 0.083333 0.067708
0 0.540972 0.666667 0.073611 0.064583
0 0.668056 0.685417 0.063889 0.066667
0 0.807639 0.742708 0.090278 0.081250
0 0.797222 0.856250 0.108333 0.072917
0 0.623611 0.861458 0.097222 0.060417
0 0.461111 0.847917 0.072222 0.056250
0 0.479167 0.716667 0.113889 0.064583
0 0.292361 0.754687 0.106944 0.057292
0 0.191667 0.745313 0.086111 0.057292
0 0.138889 0.781250 0.063889 0.058333
