0 0.881961 0.270161 0.023002 0.046774
0 0.943705 0.268548 0.039952 0.053226
0 0.961259 0.322581 0.036320 0.048387
0 0.388015 0.686290 0.039952 0.043548
0 0.493341 0.344355 0.049637 0.050000
0 0.420702 0.298387 0.035109 0.041935
0 0.353511 0.238710 0.036320 0.041935
0 0.453995 0.265323 0.029056 0.059677
0 0.475182 0.285484 0.030266 0.045161
0 0.550242 0.472581 0.030266 0.041935
0 0.567191 0.202419 0.032688 0.033871
0 0.310533 0.291129 0.037530 0.037097
0 0.375303 0.309677 0.021792 0.041935
0 0.382567 0.339516 0.029056 0.040323
