0 0.521528 0.226562 0.026389 0.040625
0 0.447222 0.245833 0.044444 0.045833
0 0.172222 0.283333 0.047222 0.035417
0 0.345139 0.320312 0.054167 0.030208
0 0.298611 0.373437 0.055556 0.032292
0 0.148611 0.329167 0.069444 0.039583
0 0.177083 0.372396 0.054167 0.036458
0 0.138194 0.413021 0.045833 0.028125
0 0.184028 0.464062 0.029167 0.036458
0 0.214583 0.448958 0.051389 0.033333
0 0.288194 0.438542 0.054167 0.029167
0 0.391667 0.433854 0.047222 0.032292
0 0.446528 0.447917 0.048611 0.058333
0 0.486806 0.434375 0.031944 0.035417
0 0.575694 0.415625 0.048611 0.041667
0 0.720139 0.383333 0.045833 0.039583
0 0.795833 0.370312 0.063889 0.032292
0 0.806250 0.423438 0.048611 0.040625
0 0.766667 0.468750 0.080556 0.047917
0 0.798611 0.514583 0.033333 0.035417
0 0.747222 0.550000 0.050000 0.037500
0 0.723611 0.515625 0.055556 0.041667
0 0.655556 0.522917 0.041667 0.039583
0 0.690278 0.476042 0.047222 0.039583
0 0.653472 0.475000 0.029167 0.035417
0 0.593750 0.470313 0.043056 0.030208
0 0.552083 0.479687 0.043056 0.032292
0 0.414583 0.521875 0.048611 0.031250
0 0.370833 0.497917 0.058333 0.031250
0 0.336806 0.511979 0.043056 0.034375
0 0.263194 0.515104 0.043056 0.053125
0 0.165278 0.553125 0.055556 0.037500
0 0.440972 0.583854 0.043056 0.040625
0 0.384722 0.577604 0.044444 0.028125
0 0.322222 0.570312 0.050000 0.028125
0 0.302083 0.598437 0.056944 0.038542
0 0.227778 0.573438 0.033333 0.046875
0 0.247917 0.601562 0.045833 0.059375
0 0.153472 0.631771 0.051389 0.053125
0 0.133333 0.730208 0.066667 0.037500
0 0.171528 0.676042 0.045833 0.029167
0 0.202083 0.687500 0.045833 0.035417
0 0.246528 0.664583 0.037500 0.066667
0 0.283333 0.655729 0.055556 0.032292
0 0.334028 0.665625 0.051389 0.041667
0 0.384028 0.657292 0.070833 0.043750
0 0.422917 0.673958 0.043056 0.035417
0 0.460417 0.691146 0.056944 0.046875
0 0.566667 0.669792 0.050000 0.037500
0 0.290972 0.776563 0.073611 0.051042
0 0.424306 0.797917 0.073611 0.050000
0 0.163194 0.840625 0.062500 0.041667
0 0.095833 0.876563 0.080556 0.051042
0 0.625694 0.621354 0.043056 0.038542
0 0.687500 0.600000 0.072222 0.041667
0 0.690278 0.642188 0.052778 0.040625
0 0.797917 0.680208 0.059722 0.056250
0 0.841667 0.726042 0.058333 0.039583
0 0.954167 0.973437 0.086111 0.048958
