0 0.152778 0.260937 0.080556 0.044792
0 0.256250 0.291667 0.065278 0.041667
0 0.383333 0.286979 0.058333 0.040625
0 0.434028 0.308854 0.065278 0.044792
0 0.397222 0.339062 0.052778 0.059375
0 0.428472 0.374479 0.056944 0.028125
0 0.463194 0.359375 0.051389 0.037500
0 0.522222 0.366667 0.066667 0.031250
0 0.543056 0.329688 0.047222 0.032292
0 0.560417 0.307812 0.056944 0.042708
0 0.647917 0.344271 0.068056 0.026042
0 0.651389 0.312500 0.063889 0.041667
0 0.746528 0.297917 0.065278 0.041667
0 0.888889 0.233854 0.077778 0.057292
0 0.938194 0.303125 0.062500 0.056250
0 0.695139 0.376042 0.090278 0.039583
0 0.730556 0.416667 0.058333 0.043750
0 0.671528 0.410938 0.051389 0.059375
0 0.628472 0.439583 0.054167 0.029167
0 0.581944 0.437500 0.055556 0.045833
0 0.497917 0.410938 0.056944 0.042708
0 0.359722 0.501042 0.083333 0.050000
0 0.668056 0.528646 0.077778 0.048958
0 0.428472 0.593229 0.079167 0.042708
0 0.497222 0.607812 0.077778 0.048958
0 0.608333 0.615104 0.072222 0.067708
0 0.763194 0.808333 0.068056 0.045833
0 0.588194 0.707812 0.087500 0.055208
0 0.575000 0.753646 0.077778 0.051042
0 0.501389 0.768229 0.061111 0.061458
0 0.384028 0.772917 0.073611 0.056250
0 0.337500 0.754687 0.061111 0.055208
0 0.477083 0.681250 0.070833 0.043750
0 0.474306 0.654167 0.120833 0.041667
