0 0.582292 0.113889 0.056250 0.088889
0 0.653646 0.204861 0.038542 0.079167
0 0.714063 0.393056 0.065625 0.075000
0 0.700000 0.509028 0.068750 0.051389
0 0.678646 0.629167 0.055208 0.100000
0 0.301042 0.745139 0.054167 0.081944
0 0.391667 0.968750 0.085417 0.062500
0 0.358333 0.359028 0.060417 0.076389
0 0.429688 0.279167 0.059375 0.100000
0 0.482292 0.315972 0.054167 0.076389
0 0.570833 0.307639 0.062500 0.065278
0 0.569792 0.386111 0.066667 0.094444
0 0.448958 0.428472 0.064583 0.068056
0 0.861979 0.222917 0.042708 0.056944
0 0.563021 0.211111 0.053125 0.091667
