0 0.298958 0.177083 0.039583 0.045833
0 0.356771 0.212500 0.038542 0.047222
0 0.391667 0.200000 0.037500 0.055556
0 0.488021 0.173611 0.026042 0.041667
0 0.504167 0.196528 0.033333 0.059722
0 0.534896 0.243750 0.036458 0.045833
0 0.605729 0.229861 0.046875 0.045833
0 0.590625 0.345833 0.037500 0.058333
0 0.508854 0.294444 0.038542 0.047222
0 0.453646 0.296528 0.034375 0.048611
0 0.370833 0.348611 0.047917 0.050000
0 0.534375 0.340278 0.045833 0.047222
0 0.579167 0.482639 0.041667 0.048611
0 0.634896 0.559028 0.042708 0.059722
0 0.743750 0.660417 0.047917 0.076389
0 0.620833 0.666667 0.056250 0.063889
0 0.561458 0.714583 0.033333 0.048611
0 0.524479 0.606250 0.048958 0.062500
0 0.484375 0.625694 0.033333 0.059722
0 0.472917 0.688194 0.041667 0.051389
0 0.431771 0.638889 0.053125 0.055556
0 0.399479 0.615278 0.042708 0.061111
0 0.356250 0.702778 0.039583 0.052778
