0 0.340278 0.322917 0.047222 0.037500
0 0.365972 0.355729 0.037500 0.040625
0 0.377083 0.469271 0.048611 0.036458
0 0.412500 0.453646 0.044444 0.028125
0 0.511806 0.415625 0.040278 0.033333
0 0.562500 0.413021 0.036111 0.034375
0 0.501389 0.490104 0.055556 0.034375
0 0.459722 0.522396 0.044444 0.046875
0 0.625000 0.479687 0.052778 0.032292
0 0.865278 0.411458 0.058333 0.047917
0 0.877778 0.458854 0.077778 0.034375
0 0.786806 0.498958 0.051389 0.041667
0 0.848611 0.556250 0.069444 0.037500
0 0.831944 0.592708 0.055556 0.037500
0 0.704167 0.600000 0.058333 0.050000
