0 0.357812 0.241667 0.023958 0.047222
0 0.357812 0.282639 0.032292 0.051389
0 0.469271 0.431944 0.036458 0.052778
0 0.464062 0.368056 0.034375 0.036111
0 0.481250 0.329861 0.031250 0.054167
0 0.559896 0.365278 0.036458 0.038889
0 0.702083 0.628472 0.045833 0.065278
0 0.762500 0.683333 0.039583 0.050000
0 0.782813 0.884028 0.046875 0.062500
0 0.736458 0.852083 0.045833 0.048611
0 0.615104 0.875000 0.038542 0.050000
0 0.638021 0.813889 0.042708 0.044444
0 0.536458 0.783333 0.058333 0.050000
0 0.511458 0.840278 0.043750 0.066667
0 0.454167 0.870833 0.056250 0.055556
0 0.440625 0.932639 0.052083 0.068056
0 0.468750 0.774306 0.043750 0.068056
