0 0.597917 0.372917 0.062500 0.039583
0 0.619444 0.453646 0.047222 0.034375
0 0.482639 0.288021 0.045833 0.028125
0 0.493750 0.517188 0.045833 0.042708
0 0.456944 0.562500 0.058333 0.037500
0 0.447917 0.592708 0.037500 0.031250
0 0.545833 0.675000 0.041667 0.027083
0 0.430556 0.504687 0.044444 0.036458
0 0.334722 0.517188 0.044444 0.046875
0 0.283333 0.542188 0.038889 0.046875
0 0.229861 0.580729 0.054167 0.044792
0 0.165972 0.566667 0.048611 0.039583
0 0.204861 0.531250 0.048611 0.037500
0 0.285417 0.478125 0.043056 0.033333
0 0.237500 0.475000 0.047222 0.037500
0 0.284722 0.441146 0.047222 0.032292
0 0.197222 0.394271 0.052778 0.028125
0 0.134028 0.438542 0.051389 0.037500
0 0.175000 0.457292 0.050000 0.035417
0 0.086806 0.360417 0.056944 0.041667
