0 0.369271 0.960417 0.042708 0.073611
0 0.578125 0.950694 0.043750 0.073611
0 0.661458 0.963889 0.035417 0.066667
0 0.816146 0.842361 0.042708 0.051389
0 0.673438 0.854167 0.059375 0.072222
0 0.571354 0.850000 0.069792 0.066667
0 0.492188 0.854861 0.048958 0.126389
0 0.427604 0.825000 0.032292 0.075000
0 0.595313 0.776389 0.040625 0.088889
0 0.631250 0.778472 0.047917 0.065278
0 0.649479 0.667361 0.048958 0.073611
0 0.543229 0.730556 0.036458 0.044444
0 0.547396 0.688889 0.061458 0.052778
0 0.521354 0.618056 0.055208 0.044444
0 0.503646 0.525000 0.044792 0.052778
0 0.426042 0.513889 0.041667 0.066667
0 0.507292 0.328472 0.050000 0.051389
0 0.440625 0.320139 0.060417 0.056944
0 0.489583 0.225694 0.056250 0.051389
0 0.390625 0.131250 0.029167 0.043056
0 0.505208 0.122917 0.045833 0.045833
0 0.593750 0.117361 0.045833 0.051389
