0 0.355556 0.174479 0.063889 0.034375
0 0.435417 0.189583 0.056944 0.043750
0 0.674306 0.193229 0.056944 0.042708
0 0.586806 0.258333 0.070833 0.033333
0 0.590278 0.283854 0.044444 0.036458
0 0.322222 0.270313 0.052778 0.036458
0 0.402778 0.319792 0.072222 0.033333
0 0.279167 0.348438 0.066667 0.032292
0 0.155556 0.389062 0.058333 0.040625
0 0.495833 0.370833 0.050000 0.054167
0 0.551389 0.361979 0.061111 0.040625
0 0.604167 0.413021 0.058333 0.048958
0 0.673611 0.442708 0.066667 0.047917
0 0.686806 0.488542 0.051389 0.050000
0 0.747222 0.514062 0.058333 0.055208
0 0.523611 0.419792 0.050000 0.039583
0 0.477778 0.435417 0.063889 0.039583
0 0.561111 0.459896 0.055556 0.051042
0 0.481944 0.486979 0.072222 0.055208
0 0.438889 0.607292 0.063889 0.054167
