0 0.166146 0.429861 0.061458 0.068056
0 0.529167 0.370833 0.054167 0.063889
0 0.754687 0.385417 0.069792 0.059722
0 0.534896 0.479167 0.040625 0.055556
0 0.553646 0.510417 0.044792 0.065278
0 0.610938 0.538889 0.042708 0.055556
0 0.440625 0.706944 0.056250 0.063889
0 0.536458 0.784722 0.054167 0.066667
0 0.552083 0.918750 0.072917 0.101389
0 0.460417 0.800694 0.056250 0.073611
0 0.378125 0.737500 0.039583 0.058333
0 0.409375 0.778472 0.058333 0.068056
0 0.402604 0.830556 0.048958 0.058333
0 0.331771 0.806944 0.038542 0.058333
