0 0.827778 0.369271 0.058333 0.030208
0 0.740972 0.352083 0.043056 0.029167
0 0.663194 0.335417 0.040278 0.027083
0 0.615972 0.364583 0.045833 0.033333
0 0.575694 0.395833 0.054167 0.039583
0 0.660417 0.403125 0.040278 0.033333
0 0.718750 0.414583 0.045833 0.035417
0 0.625694 0.443750 0.054167 0.039583
0 0.550694 0.451562 0.051389 0.028125
0 0.924306 0.623958 0.076389 0.033333
0 0.726389 0.580208 0.077778 0.039583
0 0.668056 0.635417 0.055556 0.037500
0 0.645833 0.667708 0.061111 0.045833
0 0.590972 0.671875 0.051389 0.037500
0 0.545139 0.602604 0.045833 0.036458
0 0.516667 0.586458 0.047222 0.037500
0 0.459722 0.573958 0.038889 0.029167
0 0.475694 0.596875 0.045833 0.029167
0 0.503472 0.664062 0.054167 0.034375
0 0.406250 0.658854 0.054167 0.040625
0 0.360417 0.567187 0.051389 0.040625
0 0.323611 0.623958 0.052778 0.045833
0 0.275694 0.596875 0.062500 0.041667
0 0.286111 0.557813 0.055556 0.046875
