0 0.669444 0.298438 0.058333 0.046875
0 0.743056 0.359375 0.047222 0.039583
0 0.701389 0.364063 0.038889 0.046875
0 0.718750 0.418229 0.059722 0.042708
0 0.695139 0.502083 0.051389 0.041667
0 0.625694 0.552604 0.062500 0.034375
0 0.648611 0.597917 0.052778 0.041667
0 0.568750 0.658333 0.065278 0.031250
0 0.430556 0.708333 0.047222 0.041667
0 0.264583 0.723958 0.045833 0.045833
0 0.218056 0.691146 0.047222 0.040625
0 0.438194 0.606771 0.043056 0.034375
0 0.473611 0.591667 0.050000 0.037500
0 0.525000 0.537500 0.055556 0.035417
0 0.581944 0.514062 0.055556 0.034375
0 0.637500 0.452604 0.069444 0.042708
0 0.637500 0.398958 0.061111 0.037500
0 0.576389 0.417708 0.047222 0.029167
0 0.554861 0.443229 0.048611 0.036458
0 0.551389 0.472396 0.075000 0.034375
0 0.473611 0.473958 0.038889 0.037500
0 0.574306 0.331250 0.065278 0.052083
0 0.495833 0.351562 0.050000 0.030208
0 0.459028 0.342187 0.040278 0.036458
0 0.394444 0.394271 0.047222 0.040625
0 0.375000 0.428125 0.055556 0.033333
0 0.371528 0.473438 0.048611 0.044792
0 0.377083 0.533333 0.051389 0.027083
0 0.221528 0.568750 0.051389 0.035417
0 0.111111 0.559375 0.066667 0.029167
0 0.065278 0.569792 0.036111 0.035417
0 0.251389 0.490625 0.058333 0.052083
0 0.261806 0.455729 0.048611 0.030208
0 0.296528 0.441667 0.043056 0.039583
0 0.261111 0.432292 0.044444 0.033333
0 0.320139 0.405729 0.048611 0.028125
0 0.279167 0.402083 0.047222 0.041667
0 0.221528 0.407813 0.056944 0.032292
