0 0.720139 0.015104 0.054167 0.028125
0 0.987500 0.208333 0.022222 0.054167
0 0.872917 0.299479 0.065278 0.046875
0 0.787500 0.229687 0.077778 0.073958
0 0.764583 0.279687 0.056944 0.046875
0 0.723611 0.258333 0.052778 0.056250
0 0.670833 0.214062 0.066667 0.057292
0 0.370833 0.091146 0.069444 0.048958
0 0.224306 0.167708 0.048611 0.045833
0 0.322917 0.160938 0.059722 0.051042
0 0.545139 0.260417 0.051389 0.045833
0 0.469444 0.272917 0.050000 0.052083
0 0.359028 0.232813 0.059722 0.036458
0 0.326389 0.258333 0.055556 0.022917
0 0.313889 0.282813 0.069444 0.040625
0 0.275000 0.247917 0.058333 0.043750
0 0.497222 0.318750 0.041667 0.041667
0 0.527083 0.341667 0.031944 0.047917
0 0.557639 0.355729 0.037500 0.048958
0 0.621528 0.340104 0.054167 0.042708
0 0.604167 0.386979 0.041667 0.053125
0 0.713889 0.339062 0.061111 0.032292
0 0.807639 0.344271 0.070833 0.046875
0 0.747222 0.375521 0.055556 0.046875
0 0.810417 0.406250 0.059722 0.056250
0 0.767361 0.417187 0.040278 0.053125
0 0.847222 0.522917 0.075000 0.047917
0 0.738889 0.481250 0.075000 0.060417
0 0.793750 0.598958 0.056944 0.043750
0 0.684722 0.606250 0.086111 0.050000
0 0.534028 0.618750 0.062500 0.047917
0 0.665278 0.546354 0.063889 0.048958
0 0.577083 0.498958 0.059722 0.041667
0 0.561111 0.455729 0.047222 0.040625
0 0.681250 0.443229 0.059722 0.051042
0 0.295833 0.525521 0.052778 0.026042
0 0.365278 0.489063 0.058333 0.038542
0 0.277778 0.492188 0.061111 0.040625
0 0.159722 0.514062 0.052778 0.038542
0 0.114583 0.559896 0.056944 0.053125
0 0.451389 0.399479 0.063889 0.048958
0 0.419444 0.355729 0.061111 0.053125
0 0.357639 0.398958 0.051389 0.045833
0 0.347917 0.373437 0.037500 0.040625
0 0.301389 0.326562 0.041667 0.036458
0 0.291667 0.357292 0.044444 0.039583
0 0.222917 0.365625 0.048611 0.031250
0 0.182639 0.343229 0.056944 0.032292
0 0.138194 0.415104 0.056944 0.040625
0 0.198611 0.402604 0.038889 0.044792
0 0.237500 0.409375 0.047222 0.045833
