0 0.408333 0.218750 0.037500 0.037500
0 0.443750 0.265278 0.033333 0.044444
0 0.504167 0.265972 0.033333 0.037500
0 0.539583 0.266667 0.025000 0.041667
0 0.588542 0.299306 0.033333 0.054167
0 0.794271 0.225000 0.051042 0.038889
0 0.545312 0.317361 0.040625 0.040278
0 0.563021 0.359722 0.030208 0.041667
0 0.519271 0.327083 0.028125 0.043056
0 0.472396 0.308333 0.030208 0.072222
0 0.441667 0.308333 0.033333 0.052778
0 0.277083 0.348611 0.039583 0.052778
0 0.417187 0.413194 0.034375 0.043056
0 0.549479 0.395833 0.034375 0.041667
0 0.567187 0.447917 0.030208 0.048611
0 0.598437 0.518056 0.042708 0.061111
0 0.563542 0.543056 0.037500 0.050000
0 0.406250 0.570833 0.045833 0.069444
0 0.509896 0.608333 0.038542 0.036111
0 0.525000 0.647917 0.045833 0.059722
0 0.560417 0.669444 0.043750 0.058333
0 0.749479 0.840972 0.036458 0.056944
0 0.613021 0.789583 0.040625 0.054167
0 0.579688 0.770833 0.038542 0.052778
0 0.539583 0.732639 0.041667 0.068056
0 0.455208 0.699306 0.054167 0.068056
0 0.485417 0.858333 0.043750 0.052778
0 0.423958 0.778472 0.037500 0.059722
0 0.350000 0.803472 0.039583 0.062500
