0 0.496582 0.851562 0.047852 0.044271
0 0.378906 0.825521 0.048828 0.046875
0 0.707031 0.902344 0.037109 0.062500
0 0.261230 0.466146 0.041992 0.054688
0 0.705078 0.701823 0.050781 0.067708
0 0.581055 0.716797 0.035156 0.053385
0 0.504883 0.395833 0.035156 0.044271
0 0.551758 0.529297 0.035156 0.027344
0 0.535156 0.492188 0.035156 0.044271
0 0.506836 0.317708 0.039062 0.044271
0 0.567383 0.493490 0.021484 0.054688
0 0.662598 0.722656 0.051758 0.091146
0 0.555176 0.629557 0.028320 0.058594
0 0.458984 0.315104 0.042969 0.059896
0 0.376953 0.632161 0.019531 0.079427
