0 0.415972 0.311458 0.054167 0.033333
0 0.073611 0.364583 0.047222 0.039583
0 0.361806 0.419271 0.070833 0.032292
0 0.316667 0.407292 0.047222 0.052083
0 0.271528 0.411458 0.043056 0.031250
0 0.243056 0.439063 0.058333 0.042708
0 0.345139 0.460417 0.059722 0.027083
0 0.148611 0.457813 0.052778 0.040625
0 0.154861 0.530729 0.048611 0.040625
0 0.211111 0.558333 0.055556 0.041667
0 0.680556 0.539062 0.038889 0.044792
0 0.796528 0.625521 0.056944 0.051042
0 0.722917 0.731771 0.051389 0.023958
0 0.565972 0.644271 0.054167 0.046875
0 0.563194 0.601562 0.065278 0.040625
0 0.445833 0.550521 0.052778 0.030208
0 0.437500 0.589063 0.047222 0.028125
0 0.394444 0.568229 0.058333 0.038542
0 0.471528 0.637500 0.056944 0.070833
0 0.497222 0.728125 0.052778 0.041667
0 0.417361 0.714583 0.043056 0.033333
0 0.409722 0.750521 0.072222 0.042708
0 0.344444 0.694271 0.063889 0.051042
0 0.322917 0.739583 0.073611 0.043750
0 0.286111 0.659375 0.058333 0.045833
0 0.200694 0.645312 0.070833 0.046875
0 0.231944 0.728125 0.061111 0.047917
0 0.143056 0.729167 0.058333 0.037500
0 0.160417 0.790104 0.073611 0.061458
