0 0.262500 0.561458 0.047222 0.027083
0 0.352778 0.674479 0.036111 0.030208
0 0.504167 0.683333 0.047222 0.031250
0 0.320139 0.484375 0.045833 0.027083
0 0.463889 0.431771 0.041667 0.030208
0 0.505556 0.553646 0.038889 0.034375
0 0.656250 0.569792 0.034722 0.027083
0 0.697917 0.570312 0.023611 0.034375
0 0.526389 0.498437 0.050000 0.038542
0 0.591667 0.514062 0.036111 0.032292
0 0.660417 0.509896 0.040278 0.023958
0 0.697917 0.475521 0.034722 0.026042
0 0.737500 0.512500 0.050000 0.031250
0 0.613889 0.458333 0.044444 0.027083
0 0.596528 0.478646 0.048611 0.028125
