0 0.231250 0.264062 0.062500 0.036458
0 0.376389 0.306771 0.077778 0.038542
0 0.321528 0.355208 0.076389 0.037500
0 0.080556 0.411458 0.058333 0.050000
0 0.240972 0.456250 0.037500 0.045833
0 0.555556 0.441146 0.041667 0.042708
0 0.246528 0.568229 0.040278 0.051042
0 0.508333 0.569792 0.061111 0.033333
0 0.335417 0.621875 0.051389 0.050000
0 0.270139 0.629687 0.045833 0.044792
0 0.436111 0.642188 0.041667 0.038542
0 0.542361 0.617188 0.062500 0.040625
0 0.521528 0.661979 0.054167 0.059375
0 0.559028 0.747396 0.043056 0.046875
0 0.564583 0.807292 0.076389 0.047917
0 0.518750 0.757812 0.059722 0.065625
0 0.468750 0.813021 0.062500 0.053125
0 0.415972 0.771354 0.051389 0.067708
0 0.406250 0.721354 0.073611 0.046875
0 0.263194 0.730729 0.056944 0.042708
0 0.229861 0.801562 0.062500 0.051042
0 0.186806 0.710417 0.065278 0.058333
0 0.189583 0.665104 0.070833 0.044792
