0 0.040278 0.526042 0.077778 0.035417
0 0.344444 0.606250 0.069444 0.060417
0 0.368750 0.664583 0.068056 0.058333
0 0.409028 0.619792 0.070833 0.054167
0 0.615278 0.542708 0.066667 0.060417
0 0.693056 0.471354 0.069444 0.051042
0 0.683333 0.398958 0.077778 0.056250
0 0.554861 0.424479 0.076389 0.063542
0 0.557639 0.492188 0.073611 0.040625
0 0.421528 0.381771 0.068056 0.048958
0 0.502778 0.368229 0.072222 0.042708
0 0.523611 0.303646 0.075000 0.046875
0 0.536111 0.258854 0.061111 0.040625
0 0.418056 0.288542 0.063889 0.041667
0 0.363889 0.059375 0.052778 0.058333
0 0.204861 0.077604 0.081944 0.059375
0 0.484028 0.161458 0.054167 0.043750
