0 0.145139 0.279167 0.062500 0.039583
0 0.322222 0.221875 0.055556 0.033333
0 0.370833 0.195833 0.058333 0.029167
0 0.436806 0.182812 0.065278 0.032292
0 0.268056 0.312500 0.072222 0.037500
0 0.460417 0.524479 0.040278 0.036458
0 0.825000 0.656250 0.044444 0.037500
0 0.881944 0.264062 0.038889 0.032292
0 0.679861 0.190104 0.059722 0.032292
0 0.686111 0.216146 0.044444 0.030208
0 0.475000 0.219271 0.044444 0.032292
0 0.516667 0.226042 0.050000 0.031250
0 0.402778 0.278125 0.052778 0.027083
0 0.379861 0.318229 0.048611 0.034375
0 0.456944 0.305208 0.047222 0.041667
0 0.547222 0.321354 0.047222 0.036458
0 0.551389 0.382812 0.066667 0.042708
0 0.642361 0.265625 0.051389 0.037500
0 0.587500 0.256250 0.047222 0.027083
0 0.572917 0.219792 0.043056 0.039583
