0 0.275521 0.692361 0.042708 0.070833
0 0.463542 0.620139 0.037500 0.062500
0 0.495312 0.657639 0.034375 0.062500
0 0.580208 0.745139 0.041667 0.062500
0 0.546875 0.536806 0.037500 0.056944
0 0.520312 0.522222 0.036458 0.047222
0 0.499479 0.493750 0.036458 0.062500
0 0.291146 0.195139 0.042708 0.040278
0 0.375521 0.229167 0.036458 0.061111
0 0.386979 0.318750 0.051042 0.045833
0 0.467187 0.331250 0.032292 0.034722
0 0.541667 0.315972 0.039583 0.034722
0 0.452083 0.290278 0.035417 0.036111
0 0.533854 0.264583 0.036458 0.045833
0 0.546875 0.199306 0.033333 0.037500
