0 0.584961 0.769531 0.031250 0.054688
0 0.529297 0.628255 0.052734 0.061198
0 0.424316 0.628906 0.055664 0.057292
0 0.270996 0.707031 0.038086 0.052083
0 0.313477 0.380208 0.035156 0.044271
0 0.292969 0.778646 0.041016 0.041667
0 0.336426 0.772135 0.030273 0.054688
0 0.363770 0.624349 0.030273 0.042969
0 0.458008 0.768880 0.035156 0.045573
0 0.333984 0.452474 0.031250 0.035156
0 0.505371 0.516276 0.036133 0.048177
0 0.429199 0.530599 0.043945 0.035156
0 0.546875 0.486328 0.048828 0.058594
0 0.415527 0.487630 0.034180 0.048177
0 0.454590 0.449870 0.038086 0.037760
0 0.432617 0.347005 0.029297 0.027344
0 0.360840 0.776693 0.022461 0.032552
0 0.453613 0.305339 0.038086 0.029948
