0 0.456944 0.282813 0.050000 0.036458
0 0.604167 0.318750 0.044444 0.039583
0 0.761111 0.429688 0.058333 0.042708
0 0.411111 0.481771 0.055556 0.038542
0 0.607639 0.473438 0.051389 0.038542
0 0.711806 0.510417 0.051389 0.054167
0 0.320833 0.556771 0.047222 0.036458
0 0.379861 0.535937 0.056944 0.042708
0 0.549306 0.538542 0.059722 0.037500
0 0.582639 0.571354 0.059722 0.040625
0 0.653472 0.564063 0.081944 0.042708
0 0.706944 0.577604 0.055556 0.034375
0 0.704167 0.611979 0.044444 0.042708
0 0.297222 0.653125 0.044444 0.050000
0 0.327778 0.620313 0.041667 0.057292
0 0.355556 0.659375 0.052778 0.045833
0 0.509722 0.620833 0.044444 0.045833
0 0.623611 0.666667 0.058333 0.058333
0 0.590972 0.700521 0.040278 0.040625
0 0.537500 0.671875 0.050000 0.041667
0 0.532639 0.721354 0.068056 0.038542
0 0.684028 0.708854 0.051389 0.048958
0 0.625000 0.806771 0.072222 0.053125
