0 0.222396 0.225694 0.046875 0.051389
0 0.529687 0.177778 0.034375 0.047222
0 0.476042 0.254861 0.041667 0.043056
0 0.606771 0.228472 0.040625 0.043056
0 0.634375 0.204861 0.050000 0.040278
0 0.570833 0.326389 0.037500 0.038889
0 0.493229 0.411806 0.044792 0.048611
0 0.478646 0.556944 0.040625 0.058333
0 0.470313 0.679861 0.046875 0.079167
0 0.538021 0.645139 0.042708 0.056944
0 0.689583 0.542361 0.045833 0.062500
0 0.848958 0.440278 0.070833 0.058333
0 0.692708 0.611806 0.047917 0.059722
0 0.725000 0.606944 0.052083 0.050000
