0 0.433333 0.206771 0.044444 0.040625
0 0.370833 0.210938 0.050000 0.040625
0 0.315972 0.250000 0.048611 0.035417
0 0.263889 0.263021 0.038889 0.036458
0 0.230556 0.217188 0.050000 0.040625
0 0.180556 0.241146 0.061111 0.040625
0 0.147222 0.296354 0.075000 0.040625
0 0.206944 0.344271 0.058333 0.044792
0 0.311111 0.334896 0.066667 0.036458
0 0.365972 0.334896 0.059722 0.038542
0 0.418056 0.305208 0.050000 0.047917
0 0.463194 0.281250 0.045833 0.041667
0 0.328472 0.372396 0.040278 0.044792
0 0.454861 0.366667 0.045833 0.037500
0 0.271528 0.506250 0.059722 0.047917
0 0.417361 0.654167 0.043056 0.052083
