0 0.865278 0.174479 0.058333 0.042708
0 0.372917 0.133854 0.054167 0.042708
0 0.529167 0.166667 0.050000 0.033333
0 0.542361 0.204687 0.048611 0.040625
0 0.417361 0.184375 0.048611 0.037500
0 0.457639 0.255729 0.056944 0.030208
0 0.628472 0.281771 0.059722 0.034375
0 0.360417 0.245833 0.048611 0.039583
0 0.318056 0.258854 0.055556 0.040625
0 0.281944 0.239063 0.038889 0.034375
0 0.243750 0.255729 0.076389 0.034375
0 0.236806 0.223958 0.051389 0.033333
0 0.102778 0.240104 0.061111 0.048958
0 0.195139 0.278646 0.079167 0.034375
0 0.243750 0.180729 0.062500 0.026042
0 0.245833 0.200000 0.055556 0.014583
0 0.249306 0.152604 0.059722 0.030208
0 0.184722 0.359375 0.066667 0.037500
0 0.253472 0.351042 0.054167 0.039583
0 0.375694 0.341146 0.051389 0.038542
0 0.460417 0.310417 0.073611 0.041667
0 0.520833 0.331771 0.050000 0.046875
0 0.600694 0.323958 0.051389 0.041667
0 0.543750 0.371875 0.040278 0.037500
0 0.507639 0.400000 0.062500 0.037500
0 0.442361 0.443229 0.068056 0.036458
0 0.527083 0.485417 0.045833 0.047917
0 0.570139 0.476042 0.048611 0.050000
0 0.304167 0.465625 0.061111 0.041667
0 0.377083 0.486979 0.045833 0.042708
0 0.440278 0.486458 0.066667 0.041667
0 0.330556 0.529687 0.069444 0.034375
0 0.470833 0.562500 0.063889 0.045833
0 0.386806 0.563021 0.048611 0.038542
0 0.345833 0.566667 0.036111 0.035417
0 0.638194 0.608854 0.059722 0.034375
0 0.561111 0.628646 0.044444 0.026042
0 0.540278 0.605208 0.069444 0.041667
0 0.575694 0.667188 0.051389 0.042708
0 0.471528 0.613021 0.045833 0.036458
0 0.515278 0.667708 0.050000 0.043750
0 0.256944 0.575521 0.058333 0.030208
0 0.287500 0.602083 0.058333 0.029167
0 0.347917 0.626042 0.059722 0.031250
0 0.399306 0.658854 0.059722 0.053125
0 0.304167 0.677604 0.050000 0.038542
0 0.262500 0.645312 0.083333 0.038542
0 0.145833 0.581771 0.072222 0.030208
0 0.175694 0.625521 0.065278 0.048958
0 0.075000 0.640104 0.066667 0.034375
