0 0.428711 0.518880 0.042969 0.045573
0 0.432617 0.600911 0.025391 0.055990
0 0.339355 0.462240 0.034180 0.049479
0 0.384766 0.500000 0.035156 0.062500
0 0.614258 0.505859 0.033203 0.032552
0 0.475586 0.483724 0.029297 0.029948
0 0.354980 0.776042 0.034180 0.026042
0 0.416016 0.362630 0.035156 0.040365
0 0.450684 0.383464 0.024414 0.050781
0 0.552734 0.467448 0.039062 0.026042
0 0.549805 0.730469 0.039062 0.044271
0 0.553711 0.781250 0.025391 0.041667
0 0.466797 0.815755 0.027344 0.029948
0 0.427734 0.841146 0.027344 0.041667
0 0.380859 0.837891 0.052734 0.040365
0 0.476562 0.591146 0.027344 0.020833
0 0.476074 0.407552 0.020508 0.044271
0 0.752441 0.429036 0.032227 0.050781
0 0.654785 0.487630 0.032227 0.053385
0 0.604980 0.613281 0.032227 0.044271
0 0.565430 0.506510 0.023438 0.054688
0 0.523438 0.428385 0.031250 0.033854
0 0.530273 0.389323 0.033203 0.039062
0 0.562500 0.379557 0.027344 0.037760
0 0.848145 0.643229 0.032227 0.046875
0 0.525879 0.603516 0.034180 0.063802
0 0.465332 0.678385 0.043945 0.036458
0 0.651855 0.442057 0.045898 0.037760
