0 0.350000 0.817361 0.033333 0.051389
0 0.404687 0.817361 0.038542 0.051389
0 0.463542 0.824306 0.029167 0.048611
0 0.526042 0.840972 0.041667 0.045833
0 0.641667 0.805556 0.033333 0.041667
0 0.695833 0.774306 0.041667 0.048611
0 0.739583 0.795833 0.041667 0.066667
0 0.610938 0.761111 0.040625 0.052778
0 0.526563 0.790278 0.042708 0.075000
0 0.479687 0.785417 0.034375 0.045833
0 0.468229 0.736806 0.042708 0.045833
0 0.439583 0.756250 0.043750 0.051389
0 0.395833 0.728472 0.041667 0.056944
0 0.301563 0.686111 0.044792 0.047222
0 0.237500 0.689583 0.045833 0.059722
0 0.354167 0.645833 0.031250 0.050000
0 0.425000 0.650694 0.054167 0.056944
0 0.477604 0.693056 0.053125 0.066667
0 0.530729 0.690972 0.040625 0.065278
0 0.577604 0.656944 0.040625 0.036111
0 0.591146 0.684722 0.032292 0.044444
0 0.637500 0.702083 0.041667 0.037500
0 0.628646 0.663194 0.046875 0.045833
0 0.665104 0.577778 0.034375 0.052778
0 0.520312 0.609722 0.040625 0.038889
0 0.462500 0.594444 0.050000 0.044444
0 0.429688 0.600000 0.034375 0.055556
0 0.361458 0.570833 0.047917 0.050000
0 0.313021 0.579167 0.040625 0.061111
0 0.391146 0.517361 0.042708 0.043056
0 0.424479 0.481944 0.053125 0.044444
0 0.558854 0.498611 0.032292 0.061111
0 0.577604 0.479861 0.028125 0.045833
0 0.597917 0.489583 0.029167 0.045833
0 0.582292 0.443056 0.029167 0.033333
0 0.548438 0.446528 0.032292 0.037500
0 0.471354 0.443056 0.048958 0.044444
0 0.417708 0.433333 0.031250 0.052778
0 0.296875 0.388194 0.041667 0.059722
0 0.400000 0.369444 0.039583 0.041667
0 0.472396 0.406944 0.036458 0.041667
0 0.531771 0.411806 0.036458 0.054167
0 0.466667 0.363889 0.035417 0.044444
0 0.353125 0.328472 0.041667 0.054167
0 0.327083 0.249306 0.022917 0.048611
0 0.425521 0.297222 0.036458 0.047222
0 0.471354 0.284028 0.038542 0.056944
0 0.517188 0.281944 0.028125 0.047222
0 0.548958 0.286806 0.035417 0.059722
0 0.604167 0.274306 0.035417 0.023611
0 0.657292 0.270139 0.027083 0.056944
0 0.509896 0.320833 0.030208 0.036111
0 0.389583 0.313194 0.033333 0.048611
