0 0.030556 0.638021 0.027778 0.038542
0 0.135417 0.625000 0.051389 0.037500
0 0.166667 0.568750 0.066667 0.041667
0 0.095833 0.533333 0.044444 0.025000
0 0.121528 0.469271 0.048611 0.051042
0 0.130556 0.378125 0.041667 0.043750
0 0.196528 0.455729 0.056944 0.036458
0 0.254861 0.475521 0.043056 0.036458
0 0.289583 0.388021 0.051389 0.042708
0 0.438889 0.370312 0.036111 0.040625
0 0.425694 0.514062 0.051389 0.034375
0 0.493056 0.403646 0.038889 0.042708
0 0.624306 0.388021 0.045833 0.042708
0 0.695139 0.438542 0.076389 0.047917
0 0.651389 0.509896 0.041667 0.042708
0 0.729861 0.533854 0.068056 0.048958
