0 0.544444 0.554167 0.041667 0.037500
0 0.338194 0.429688 0.034722 0.030208
0 0.291667 0.423958 0.058333 0.031250
0 0.204861 0.467187 0.031944 0.036458
0 0.581944 0.733333 0.038889 0.041667
0 0.679167 0.854167 0.069444 0.045833
0 0.393056 0.759375 0.066667 0.033333
0 0.421528 0.793229 0.045833 0.044792
0 0.381944 0.795312 0.038889 0.036458
0 0.346528 0.786979 0.029167 0.028125
0 0.265278 0.805208 0.047222 0.043750
0 0.249306 0.782813 0.040278 0.038542
0 0.176389 0.756771 0.052778 0.057292
0 0.125694 0.754687 0.048611 0.042708
0 0.119444 0.701042 0.061111 0.043750
