0 0.574707 0.242839 0.038086 0.066406
0 0.458984 0.575521 0.054688 0.072917
0 0.441406 0.420573 0.042969 0.052083
0 0.622070 0.688151 0.041016 0.050781
0 0.518066 0.483073 0.043945 0.083333
0 0.368164 0.837891 0.044922 0.058594
0 0.545898 0.608724 0.041016 0.069010
0 0.306152 0.260417 0.063477 0.046875
0 0.486328 0.381510 0.039062 0.049479
0 0.391602 0.502604 0.044922 0.041667
0 0.687500 0.565104 0.041016 0.067708
0 0.468262 0.485026 0.040039 0.048177
0 0.357422 0.434896 0.037109 0.054688
0 0.682129 0.233724 0.036133 0.048177
0 0.405762 0.237630 0.036133 0.035156
0 0.483398 0.319661 0.037109 0.040365
0 0.710449 0.258464 0.041992 0.032552
0 0.701660 0.466797 0.040039 0.050781
0 0.701660 0.375651 0.041992 0.042969
0 0.417969 0.818359 0.025391 0.053385
0 0.646484 0.272135 0.039062 0.026042
0 0.461426 0.309896 0.032227 0.036458
0 0.199707 0.206380 0.030273 0.048177
0 0.852051 0.184245 0.041992 0.040365
0 0.868164 0.212240 0.041016 0.062500
0 0.897949 0.463542 0.051758 0.059896
0 0.870605 0.662760 0.034180 0.057292
0 0.453125 0.796875 0.037109 0.052083
0 0.376465 0.246094 0.024414 0.062500
0 0.392090 0.278646 0.030273 0.067708
0 0.105957 0.683594 0.020508 0.057292
0 0.546875 0.806641 0.064453 0.055990
0 0.575684 0.846354 0.045898 0.052083
0 0.625000 0.866536 0.046875 0.048177
0 0.655762 0.763672 0.040039 0.048177
0 0.702637 0.750651 0.040039 0.048177
