0 0.695139 0.172917 0.034722 0.022917
0 0.578472 0.173437 0.043056 0.026042
0 0.263194 0.163021 0.043056 0.040625
0 0.465972 0.208854 0.034722 0.034375
0 0.364583 0.209896 0.062500 0.034375
0 0.558333 0.295312 0.027778 0.028125
0 0.495139 0.261979 0.045833 0.051042
0 0.456250 0.262500 0.037500 0.045833
0 0.413889 0.270313 0.050000 0.034375
0 0.384722 0.248958 0.030556 0.029167
0 0.236111 0.325000 0.050000 0.031250
0 0.422222 0.401042 0.052778 0.027083
0 0.651389 0.477604 0.050000 0.038542
0 0.363889 0.440104 0.044444 0.030208
0 0.543056 0.555729 0.063889 0.038542
0 0.487500 0.506250 0.047222 0.039583
0 0.447917 0.515625 0.040278 0.037500
0 0.398611 0.521354 0.047222 0.034375
0 0.338889 0.503646 0.055556 0.038542
0 0.206944 0.536458 0.047222 0.033333
