0 0.231944 0.197396 0.052778 0.051042
0 0.350694 0.190104 0.043056 0.038542
0 0.400000 0.203646 0.030556 0.038542
0 0.474306 0.218750 0.043056 0.035417
0 0.279167 0.269792 0.072222 0.041667
0 0.353472 0.277604 0.045833 0.032292
0 0.379861 0.258333 0.045833 0.037500
0 0.434722 0.271354 0.047222 0.034375
0 0.131250 0.364063 0.056944 0.040625
0 0.229861 0.358333 0.048611 0.039583
0 0.388889 0.314063 0.055556 0.032292
0 0.533333 0.329688 0.047222 0.036458
0 0.440278 0.340104 0.044444 0.036458
0 0.618056 0.356250 0.047222 0.047917
0 0.703472 0.403125 0.051389 0.029167
0 0.754861 0.588021 0.051389 0.059375
0 0.497222 0.374479 0.044444 0.032292
0 0.310417 0.373958 0.056944 0.031250
0 0.308333 0.399479 0.044444 0.030208
0 0.280556 0.417708 0.058333 0.025000
0 0.384722 0.413542 0.063889 0.033333
0 0.413194 0.435937 0.056944 0.021875
0 0.437500 0.460417 0.044444 0.035417
0 0.532639 0.426563 0.048611 0.032292
0 0.284722 0.459896 0.052778 0.030208
0 0.225000 0.477604 0.050000 0.032292
0 0.355556 0.468229 0.044444 0.036458
0 0.564583 0.518229 0.048611 0.040625
0 0.511806 0.606771 0.043056 0.063542
0 0.515972 0.686979 0.034722 0.034375
0 0.441667 0.666667 0.052778 0.039583
0 0.392361 0.634896 0.045833 0.042708
0 0.257639 0.653646 0.054167 0.044792
0 0.202083 0.608333 0.048611 0.058333
0 0.164583 0.568750 0.045833 0.031250
0 0.268056 0.529687 0.044444 0.032292
0 0.361111 0.513542 0.041667 0.047917
0 0.431250 0.531250 0.076389 0.039583
0 0.316667 0.585938 0.063889 0.028125
0 0.279167 0.605729 0.050000 0.034375
