0 0.134028 0.325521 0.062500 0.038542
0 0.279861 0.363021 0.054167 0.034375
0 0.110417 0.398438 0.051389 0.048958
0 0.781944 0.415625 0.050000 0.039583
0 0.354861 0.416667 0.031944 0.035417
0 0.285417 0.452604 0.051389 0.036458
0 0.400000 0.467187 0.058333 0.044792
0 0.327083 0.500000 0.059722 0.043750
0 0.243056 0.484896 0.052778 0.038542
0 0.193750 0.482812 0.054167 0.040625
0 0.161111 0.539583 0.041667 0.043750
0 0.119444 0.546875 0.044444 0.045833
0 0.559028 0.468229 0.043056 0.038542
0 0.672222 0.491667 0.075000 0.043750
0 0.811806 0.534375 0.056944 0.039583
0 0.806944 0.589583 0.055556 0.033333
0 0.500000 0.574479 0.041667 0.048958
0 0.618056 0.610417 0.050000 0.045833
0 0.481944 0.634896 0.058333 0.044792
0 0.344444 0.611458 0.050000 0.045833
0 0.430556 0.671354 0.047222 0.038542
0 0.318750 0.659375 0.037500 0.043750
0 0.160417 0.657813 0.054167 0.038542
0 0.175694 0.804688 0.073611 0.055208
0 0.284028 0.880729 0.062500 0.040625
