0 0.658333 0.317708 0.038889 0.039583
0 0.757639 0.395833 0.043056 0.039583
0 0.638889 0.417708 0.044444 0.039583
0 0.507639 0.444792 0.054167 0.033333
0 0.245139 0.454688 0.048611 0.026042
0 0.160417 0.431771 0.043056 0.036458
0 0.175000 0.492708 0.038889 0.043750
0 0.219444 0.532813 0.044444 0.034375
0 0.259028 0.544271 0.045833 0.026042
0 0.167361 0.580208 0.034722 0.031250
0 0.161111 0.619271 0.033333 0.036458
0 0.179167 0.654167 0.044444 0.035417
0 0.340278 0.747396 0.086111 0.044792
0 0.297917 0.647396 0.054167 0.034375
0 0.322222 0.612500 0.063889 0.035417
0 0.394444 0.617708 0.072222 0.031250
0 0.766667 0.460417 0.030556 0.029167
0 0.734722 0.457292 0.036111 0.037500
0 0.693056 0.451042 0.041667 0.031250
0 0.651389 0.485938 0.047222 0.032292
0 0.603472 0.513542 0.040278 0.043750
0 0.801389 0.515104 0.044444 0.036458
0 0.733333 0.545833 0.047222 0.045833
0 0.795139 0.600521 0.043056 0.036458
0 0.630556 0.579688 0.055556 0.032292
0 0.661806 0.635417 0.040278 0.039583
