0 0.406738 0.429688 0.022461 0.049479
0 0.090820 0.789714 0.037109 0.048177
0 0.473145 0.766927 0.034180 0.044271
0 0.697266 0.535807 0.041016 0.050781
0 0.527344 0.434245 0.035156 0.048177
0 0.272461 0.835938 0.044922 0.046875
0 0.678711 0.711589 0.048828 0.042969
0 0.513184 0.367839 0.040039 0.050781
0 0.490723 0.833333 0.040039 0.039062
0 0.484375 0.490885 0.033203 0.041667
0 0.273438 0.273438 0.027344 0.059896
0 0.553223 0.751302 0.038086 0.046875
0 0.355957 0.326172 0.028320 0.045573
0 0.454102 0.705078 0.037109 0.042969
0 0.472168 0.736979 0.030273 0.018229
0 0.361816 0.732422 0.045898 0.037760
0 0.401367 0.732422 0.035156 0.045573
0 0.778320 0.526693 0.064453 0.061198
0 0.569336 0.294922 0.035156 0.042969
0 0.302246 0.722005 0.038086 0.029948
