0 0.970139 0.609375 0.054167 0.043750
0 0.115972 0.130208 0.054167 0.052083
0 0.251389 0.143750 0.058333 0.025000
0 0.302778 0.173958 0.061111 0.043750
0 0.363194 0.182812 0.054167 0.042708
0 0.217361 0.221875 0.048611 0.035417
0 0.232639 0.256250 0.051389 0.039583
0 0.183333 0.266146 0.050000 0.036458
0 0.104167 0.260417 0.058333 0.043750
0 0.293750 0.306771 0.040278 0.046875
0 0.126389 0.326562 0.058333 0.046875
0 0.171528 0.353125 0.056944 0.041667
0 0.300000 0.359375 0.050000 0.045833
0 0.338194 0.348958 0.043056 0.041667
0 0.368750 0.335417 0.037500 0.045833
0 0.372222 0.379688 0.055556 0.042708
0 0.156944 0.394271 0.055556 0.038542
0 0.335417 0.429688 0.059722 0.046875
0 0.195139 0.445312 0.056944 0.040625
0 0.068750 0.435937 0.048611 0.042708
0 0.136806 0.467187 0.040278 0.044792
0 0.099306 0.489583 0.059722 0.043750
0 0.240278 0.496875 0.055556 0.041667
0 0.280556 0.477604 0.041667 0.048958
0 0.336111 0.492188 0.058333 0.040625
0 0.361806 0.562500 0.056944 0.041667
0 0.111111 0.570833 0.044444 0.045833
0 0.145139 0.544271 0.043056 0.051042
0 0.183333 0.576042 0.055556 0.035417
0 0.259028 0.566146 0.059722 0.038542
0 0.254861 0.602083 0.056944 0.043750
0 0.186806 0.634896 0.051389 0.055208
0 0.145139 0.685417 0.054167 0.043750
0 0.256250 0.705208 0.059722 0.058333
