0 0.506944 0.100000 0.066667 0.039583
0 0.422917 0.089583 0.059722 0.047917
0 0.347222 0.113542 0.055556 0.050000
0 0.295139 0.130729 0.062500 0.038542
0 0.260417 0.221354 0.081944 0.044792
0 0.254167 0.259375 0.069444 0.043750
0 0.342361 0.229167 0.070833 0.047917
0 0.342361 0.273958 0.079167 0.045833
0 0.037500 0.658854 0.069444 0.051042
0 0.136806 0.537500 0.098611 0.045833
0 0.477083 0.504167 0.059722 0.041667
0 0.368750 0.539062 0.095833 0.048958
0 0.538889 0.576562 0.069444 0.042708
0 0.470833 0.615625 0.097222 0.045833
0 0.340972 0.651563 0.073611 0.044792
0 0.383333 0.691146 0.086111 0.046875
