0 0.176389 0.314063 0.055556 0.030208
0 0.110417 0.589583 0.098611 0.039583
0 0.260417 0.544792 0.081944 0.045833
0 0.335417 0.382292 0.065278 0.041667
0 0.354167 0.418229 0.055556 0.038542
0 0.379167 0.277604 0.047222 0.034375
0 0.425694 0.303646 0.056944 0.032292
0 0.484722 0.305729 0.052778 0.051042
0 0.536111 0.289583 0.061111 0.047917
0 0.688889 0.302604 0.044444 0.040625
0 0.899306 0.314063 0.054167 0.042708
0 0.566667 0.346354 0.052778 0.038542
0 0.452083 0.443750 0.043056 0.039583
0 0.558333 0.451042 0.080556 0.035417
0 0.443056 0.491667 0.091667 0.031250
0 0.473611 0.510417 0.055556 0.035417
0 0.581944 0.539062 0.058333 0.046875
