0 0.385417 0.147396 0.073611 0.048958
0 0.838194 0.370312 0.037500 0.030208
0 0.756250 0.344271 0.062500 0.032292
0 0.264583 0.389583 0.054167 0.041667
0 0.300694 0.455729 0.062500 0.048958
0 0.160417 0.525521 0.043056 0.046875
0 0.166667 0.614062 0.050000 0.048958
0 0.211111 0.631250 0.047222 0.050000
0 0.277083 0.525521 0.062500 0.038542
0 0.329167 0.564063 0.063889 0.048958
0 0.372222 0.536458 0.044444 0.041667
0 0.435417 0.507812 0.054167 0.042708
0 0.693056 0.638021 0.061111 0.042708
0 0.656944 0.557292 0.066667 0.033333
0 0.707639 0.538021 0.079167 0.042708
0 0.671528 0.505729 0.081944 0.040625
0 0.831944 0.533333 0.050000 0.041667
0 0.861111 0.454167 0.041667 0.045833
0 0.756250 0.439063 0.045833 0.036458
