0 0.115972 0.448437 0.056944 0.034375
0 0.114583 0.386979 0.056944 0.044792
0 0.319444 0.404167 0.058333 0.035417
0 0.465972 0.416667 0.043056 0.041667
0 0.447222 0.366667 0.069444 0.045833
0 0.585417 0.242708 0.059722 0.045833
0 0.519444 0.400521 0.058333 0.038542
0 0.557639 0.381250 0.059722 0.043750
0 0.620139 0.367188 0.056944 0.046875
0 0.675000 0.388542 0.052778 0.047917
0 0.711111 0.412500 0.047222 0.039583
0 0.754861 0.413021 0.043056 0.040625
0 0.509722 0.482292 0.036111 0.041667
0 0.527778 0.509896 0.047222 0.040625
0 0.597917 0.496875 0.062500 0.045833
0 0.702778 0.484896 0.061111 0.032292
0 0.651389 0.539583 0.091667 0.035417
0 0.645833 0.569271 0.066667 0.030208
0 0.624306 0.593750 0.062500 0.045833
0 0.668056 0.612500 0.047222 0.047917
0 0.704861 0.592708 0.048611 0.050000
0 0.756944 0.608333 0.055556 0.033333
0 0.819444 0.586458 0.069444 0.039583
0 0.836111 0.619271 0.055556 0.042708
0 0.879167 0.635417 0.052778 0.039583
0 0.563194 0.625521 0.034722 0.046875
0 0.503472 0.624479 0.065278 0.044792
0 0.443750 0.603125 0.037500 0.043750
0 0.252778 0.718750 0.050000 0.050000
0 0.428472 0.692708 0.068056 0.052083
0 0.560417 0.733854 0.062500 0.053125
0 0.694444 0.741146 0.088889 0.040625
0 0.774306 0.712500 0.068056 0.052083
0 0.554167 0.800000 0.083333 0.043750
0 0.538194 0.855208 0.084722 0.054167
0 0.600694 0.888021 0.070833 0.063542
0 0.684028 0.853646 0.062500 0.071875
