0 0.621582 0.665365 0.049805 0.052083
0 0.263672 0.490885 0.037109 0.072917
0 0.323730 0.507161 0.036133 0.045573
0 0.561523 0.729167 0.039062 0.070312
0 0.345215 0.334635 0.041992 0.049479
0 0.246094 0.584635 0.025391 0.057292
0 0.721680 0.507161 0.056641 0.069010
0 0.390625 0.444010 0.042969 0.026042
0 0.553711 0.791016 0.029297 0.053385
0 0.112305 0.235677 0.039062 0.054688
0 0.218262 0.463542 0.030273 0.059896
0 0.432617 0.575521 0.027344 0.041667
0 0.402832 0.411458 0.040039 0.033854
0 0.797852 0.587891 0.042969 0.076823
0 0.452637 0.687500 0.038086 0.039062
0 0.436523 0.630859 0.013672 0.045573
0 0.395508 0.496094 0.037109 0.046875
0 0.272949 0.578125 0.041992 0.052083
0 0.368652 0.809245 0.020508 0.045573
0 0.492676 0.376953 0.047852 0.032552
