0 0.153320 0.445964 0.058594 0.048177
0 0.449219 0.477214 0.027344 0.037760
0 0.432129 0.412109 0.034180 0.042969
0 0.600586 0.222005 0.031250 0.029948
0 0.467773 0.365885 0.033203 0.041667
0 0.384766 0.249349 0.033203 0.040365
0 0.386230 0.684896 0.030273 0.044271
0 0.364258 0.631510 0.031250 0.059896
0 0.501465 0.567057 0.032227 0.040365
0 0.489258 0.626953 0.031250 0.029948
0 0.660156 0.754557 0.025391 0.037760
0 0.626953 0.742188 0.027344 0.041667
0 0.198730 0.622396 0.040039 0.036458
0 0.329590 0.242188 0.038086 0.046875
0 0.537109 0.628255 0.033203 0.061198
0 0.532715 0.324870 0.030273 0.045573
0 0.504395 0.343750 0.026367 0.036458
0 0.591797 0.369792 0.029297 0.041667
0 0.635742 0.373047 0.031250 0.040365
0 0.750488 0.207682 0.030273 0.042969
0 0.808105 0.458984 0.040039 0.042969
0 0.815430 0.543620 0.035156 0.045573
0 0.883789 0.570964 0.042969 0.042969
0 0.559082 0.391276 0.036133 0.032552
0 0.677246 0.551432 0.020508 0.042969
0 0.458496 0.308594 0.032227 0.044271
0 0.628906 0.264323 0.037109 0.052083
0 0.525879 0.403646 0.030273 0.049479
0 0.505859 0.412760 0.033203 0.039062
0 0.462402 0.539062 0.030273 0.039062
0 0.509277 0.269531 0.036133 0.046875
0 0.630371 0.297526 0.040039 0.024740
