0 0.119444 0.132812 0.066667 0.046875
0 0.790972 0.171354 0.059722 0.048958
0 0.663889 0.180208 0.036111 0.041667
0 0.629167 0.231771 0.066667 0.048958
0 0.256944 0.270833 0.063889 0.045833
0 0.216667 0.331250 0.061111 0.047917
0 0.084722 0.371875 0.052778 0.041667
0 0.288889 0.357292 0.052778 0.050000
0 0.277778 0.397396 0.058333 0.044792
0 0.049306 0.447917 0.054167 0.039583
0 0.115278 0.472396 0.055556 0.042708
0 0.194444 0.521875 0.063889 0.037500
0 0.315972 0.543750 0.056944 0.041667
0 0.194444 0.553125 0.058333 0.039583
0 0.100000 0.550521 0.052778 0.034375
0 0.181944 0.609896 0.066667 0.053125
0 0.290972 0.633333 0.048611 0.043750
0 0.083333 0.598958 0.052778 0.037500
0 0.048611 0.628125 0.055556 0.052083
0 0.057639 0.694271 0.056944 0.042708
0 0.132639 0.728125 0.056944 0.039583
0 0.270833 0.781771 0.066667 0.034375
0 0.068750 0.864583 0.048611 0.054167
0 0.648611 0.815104 0.075000 0.042708
0 0.733333 0.689063 0.055556 0.044792
0 0.720833 0.626563 0.061111 0.051042
0 0.845833 0.595833 0.052778 0.052083
0 0.659028 0.545833 0.056944 0.035417
0 0.738194 0.540625 0.090278 0.035417
0 0.752083 0.511979 0.062500 0.030208
0 0.598611 0.504167 0.063889 0.041667
0 0.445833 0.429167 0.050000 0.047917
0 0.623611 0.440625 0.055556 0.039583
0 0.745139 0.446875 0.051389 0.043750
0 0.715972 0.389062 0.059722 0.036458
0 0.550000 0.372917 0.052778 0.058333
