0 0.352083 0.148958 0.062500 0.052083
0 0.182639 0.241667 0.065278 0.045833
0 0.393750 0.203125 0.065278 0.041667
0 0.572917 0.233333 0.059722 0.039583
0 0.309028 0.273958 0.031944 0.043750
0 0.233333 0.329688 0.041667 0.042708
0 0.151389 0.361458 0.050000 0.045833
0 0.186806 0.390625 0.045833 0.037500
0 0.227083 0.394271 0.045833 0.036458
0 0.275000 0.387500 0.058333 0.050000
0 0.234028 0.436458 0.056944 0.054167
0 0.284028 0.430729 0.040278 0.034375
0 0.354861 0.419792 0.048611 0.062500
0 0.144444 0.469792 0.052778 0.041667
0 0.185417 0.492188 0.062500 0.034375
0 0.257639 0.479687 0.054167 0.042708
0 0.290972 0.507292 0.048611 0.039583
0 0.316667 0.477604 0.027778 0.032292
0 0.348611 0.471875 0.041667 0.031250
0 0.368750 0.474479 0.029167 0.036458
0 0.338194 0.508333 0.051389 0.037500
0 0.138194 0.558333 0.043056 0.037500
0 0.177778 0.568229 0.044444 0.044792
0 0.247917 0.557292 0.048611 0.039583
0 0.306250 0.567187 0.062500 0.042708
0 0.270139 0.597917 0.045833 0.037500
0 0.190972 0.628125 0.045833 0.047917
0 0.162500 0.676042 0.055556 0.047917
0 0.215972 0.738021 0.051389 0.044792
0 0.337500 0.654167 0.036111 0.050000
0 0.370833 0.602604 0.036111 0.042708
0 0.526389 0.876563 0.047222 0.063542
0 0.496528 0.810937 0.084722 0.048958
0 0.629167 0.777083 0.055556 0.052083
0 0.678472 0.747396 0.068056 0.051042
0 0.454167 0.637500 0.041667 0.050000
0 0.522917 0.648958 0.059722 0.039583
0 0.606944 0.649479 0.063889 0.051042
0 0.688194 0.679688 0.054167 0.080208
0 0.446528 0.411458 0.048611 0.041667
0 0.521528 0.422396 0.043056 0.032292
0 0.556250 0.396875 0.054167 0.047917
0 0.665972 0.418229 0.065278 0.044792
0 0.725000 0.421875 0.052778 0.043750
0 0.758333 0.376563 0.077778 0.051042
0 0.639583 0.459375 0.059722 0.045833
0 0.722917 0.498958 0.068056 0.037500
0 0.662500 0.504687 0.050000 0.046875
0 0.694444 0.535937 0.058333 0.044792
0 0.733333 0.563542 0.083333 0.039583
0 0.731944 0.604167 0.080556 0.043750
0 0.645833 0.575521 0.052778 0.040625
0 0.600000 0.511979 0.055556 0.040625
0 0.532639 0.499479 0.056944 0.032292
0 0.532639 0.531771 0.040278 0.032292
0 0.538889 0.556771 0.080556 0.040625
