0 0.124306 0.141146 0.051389 0.036458
0 0.316667 0.153125 0.038889 0.035417
0 0.405556 0.176042 0.041667 0.043750
0 0.583333 0.194792 0.050000 0.033333
0 0.384722 0.219792 0.061111 0.035417
0 0.481944 0.222396 0.047222 0.030208
0 0.671528 0.265104 0.045833 0.036458
0 0.506944 0.270833 0.052778 0.031250
0 0.473611 0.299479 0.055556 0.042708
0 0.669444 0.346875 0.047222 0.033333
0 0.521528 0.372917 0.068056 0.037500
0 0.354861 0.335417 0.048611 0.035417
0 0.025694 0.528125 0.045833 0.058333
0 0.159028 0.497396 0.062500 0.036458
0 0.424306 0.473438 0.056944 0.042708
0 0.513194 0.514062 0.043056 0.042708
0 0.535417 0.570833 0.070833 0.047917
0 0.571528 0.628125 0.051389 0.045833
0 0.440972 0.559896 0.048611 0.044792
0 0.455556 0.622396 0.052778 0.044792
0 0.462500 0.680208 0.050000 0.033333
0 0.291667 0.570833 0.055556 0.054167
0 0.215278 0.582292 0.058333 0.043750
0 0.080556 0.592708 0.052778 0.054167
0 0.120833 0.651042 0.066667 0.039583
0 0.177083 0.664583 0.076389 0.050000
