0 0.685417 0.145833 0.043056 0.033333
0 0.720139 0.175521 0.054167 0.042708
0 0.675694 0.196875 0.070833 0.041667
0 0.877083 0.196354 0.048611 0.046875
0 0.934722 0.213021 0.061111 0.036458
0 0.847917 0.256771 0.056944 0.038542
0 0.768056 0.234896 0.055556 0.034375
0 0.625694 0.229167 0.065278 0.037500
0 0.514583 0.169271 0.043056 0.023958
0 0.522917 0.203125 0.051389 0.039583
0 0.445833 0.196875 0.041667 0.029167
0 0.402778 0.191146 0.027778 0.026042
0 0.388194 0.213021 0.043056 0.036458
0 0.334722 0.228125 0.055556 0.035417
0 0.415278 0.272396 0.047222 0.028125
0 0.533333 0.273958 0.052778 0.033333
0 0.580556 0.280729 0.050000 0.034375
0 0.638194 0.295833 0.054167 0.041667
0 0.709028 0.282292 0.095833 0.029167
0 0.531250 0.322917 0.051389 0.035417
0 0.434028 0.329167 0.051389 0.035417
0 0.377083 0.312500 0.054167 0.039583
0 0.359722 0.341146 0.061111 0.030208
0 0.486111 0.366667 0.055556 0.035417
0 0.529861 0.417187 0.045833 0.036458
0 0.025694 0.473958 0.048611 0.039583
0 0.093750 0.419271 0.043056 0.036458
0 0.290972 0.397917 0.045833 0.041667
0 0.207639 0.444792 0.070833 0.058333
0 0.130556 0.483333 0.055556 0.033333
0 0.204167 0.494792 0.041667 0.037500
0 0.377083 0.473958 0.056944 0.031250
0 0.334028 0.469271 0.051389 0.036458
0 0.335417 0.515625 0.056944 0.056250
0 0.154167 0.539062 0.061111 0.032292
0 0.126389 0.571875 0.055556 0.041667
0 0.234722 0.538021 0.052778 0.030208
0 0.229167 0.564063 0.052778 0.032292
0 0.400694 0.531250 0.048611 0.025000
0 0.469444 0.512500 0.047222 0.043750
0 0.526389 0.527604 0.030556 0.034375
0 0.463889 0.555208 0.061111 0.029167
0 0.384028 0.559896 0.054167 0.038542
0 0.414583 0.597396 0.051389 0.040625
0 0.372917 0.612500 0.040278 0.043750
0 0.477778 0.603125 0.072222 0.041667
0 0.282639 0.659375 0.054167 0.052083
0 0.368750 0.682292 0.048611 0.058333
0 0.321528 0.710938 0.048611 0.036458
0 0.415972 0.714583 0.051389 0.043750
