0 0.019444 0.431771 0.036111 0.032292
0 0.102778 0.302083 0.041667 0.039583
0 0.287500 0.266146 0.044444 0.032292
0 0.352778 0.241146 0.047222 0.032292
0 0.479167 0.258333 0.058333 0.031250
0 0.584722 0.265625 0.063889 0.029167
0 0.544444 0.296354 0.044444 0.028125
0 0.531250 0.315104 0.048611 0.036458
0 0.473611 0.291146 0.055556 0.034375
0 0.815972 0.476042 0.056944 0.043750
0 0.372222 0.342708 0.061111 0.041667
0 0.457639 0.363021 0.045833 0.030208
0 0.557639 0.388021 0.059722 0.040625
0 0.548611 0.429167 0.050000 0.025000
0 0.534722 0.448437 0.044444 0.032292
0 0.347222 0.409375 0.050000 0.031250
0 0.266667 0.383854 0.058333 0.042708
0 0.226389 0.403646 0.083333 0.038542
0 0.409028 0.519271 0.043056 0.040625
0 0.197917 0.510417 0.059722 0.050000
0 0.301389 0.547917 0.050000 0.041667
0 0.372917 0.556250 0.056944 0.050000
0 0.436111 0.611458 0.072222 0.043750
0 0.468056 0.674479 0.052778 0.040625
0 0.456250 0.718229 0.054167 0.034375
0 0.286806 0.602083 0.051389 0.033333
0 0.222917 0.638021 0.056944 0.044792
0 0.089583 0.671875 0.040278 0.029167
0 0.170139 0.682813 0.059722 0.036458
0 0.229861 0.702604 0.048611 0.034375
0 0.303472 0.687500 0.062500 0.045833
0 0.352083 0.701562 0.045833 0.042708
