0 0.450195 0.536458 0.042969 0.044271
0 0.771484 0.323568 0.042969 0.063802
0 0.688965 0.299479 0.034180 0.054688
0 0.828125 0.300781 0.035156 0.059896
0 0.608398 0.596354 0.029297 0.028646
0 0.639160 0.438151 0.041992 0.042969
0 0.656250 0.552083 0.037109 0.039062
0 0.580078 0.483724 0.054688 0.050781
0 0.559570 0.260417 0.029297 0.062500
0 0.512207 0.513672 0.032227 0.037760
0 0.445801 0.688151 0.030273 0.042969
0 0.585449 0.308594 0.040039 0.028646
0 0.555664 0.326172 0.046875 0.074219
0 0.341309 0.686849 0.041992 0.042969
0 0.325195 0.731771 0.033203 0.039062
0 0.125000 0.419922 0.035156 0.042969
0 0.429199 0.319010 0.026367 0.052083
0 0.506836 0.408203 0.052734 0.042969
0 0.514648 0.546875 0.042969 0.036458
0 0.486816 0.590495 0.032227 0.040365
0 0.566406 0.737630 0.019531 0.040365
0 0.506348 0.708333 0.026367 0.036458
0 0.345215 0.746094 0.028320 0.031250
0 0.383301 0.764974 0.030273 0.040365
0 0.206543 0.624349 0.034180 0.045573
0 0.300293 0.549479 0.018555 0.044271
0 0.378906 0.421224 0.035156 0.050781
0 0.453125 0.447917 0.025391 0.039062
0 0.306641 0.414062 0.035156 0.046875
0 0.544434 0.440755 0.034180 0.048177
0 0.645508 0.664062 0.037109 0.020833
0 0.535156 0.688802 0.042969 0.044271
0 0.541016 0.728516 0.027344 0.040365
0 0.499023 0.621094 0.021484 0.028646
0 0.621094 0.471354 0.029297 0.054688
