0 0.473611 0.689063 0.052778 0.034375
0 0.622222 0.615104 0.069444 0.040625
0 0.818056 0.667188 0.058333 0.040625
0 0.847222 0.635417 0.052778 0.041667
0 0.856250 0.597917 0.056944 0.039583
0 0.487500 0.548438 0.041667 0.040625
0 0.616667 0.506250 0.047222 0.039583
0 0.633333 0.386979 0.061111 0.046875
0 0.685417 0.338021 0.034722 0.034375
0 0.668056 0.271354 0.025000 0.040625
0 0.750000 0.227083 0.055556 0.045833
0 0.175694 0.197917 0.059722 0.045833
0 0.311111 0.218750 0.047222 0.045833
0 0.323611 0.274479 0.044444 0.030208
0 0.331250 0.326562 0.045833 0.051042
0 0.282639 0.337500 0.059722 0.045833
0 0.233333 0.339583 0.047222 0.035417
0 0.241667 0.375000 0.058333 0.039583
0 0.196528 0.392708 0.045833 0.039583
0 0.353472 0.387500 0.040278 0.041667
0 0.261806 0.454688 0.073611 0.044792
0 0.297222 0.434375 0.047222 0.043750
0 0.370833 0.450521 0.052778 0.028125
0 0.336806 0.480208 0.054167 0.041667
