0 0.196875 0.145139 0.039583 0.051389
0 0.246354 0.142361 0.046875 0.059722
0 0.152083 0.306250 0.043750 0.043056
0 0.359896 0.102083 0.051042 0.054167
0 0.364583 0.170833 0.041667 0.055556
0 0.594271 0.114583 0.030208 0.048611
0 0.564063 0.114583 0.032292 0.045833
0 0.455208 0.185417 0.035417 0.045833
0 0.410417 0.248611 0.037500 0.055556
0 0.743229 0.242361 0.044792 0.059722
0 0.794792 0.297222 0.031250 0.052778
0 0.893229 0.254167 0.042708 0.066667
0 0.853125 0.601389 0.045833 0.072222
0 0.855729 0.668056 0.048958 0.055556
0 0.800521 0.727778 0.048958 0.069444
0 0.603646 0.720833 0.073958 0.055556
0 0.560417 0.794444 0.054167 0.052778
0 0.477604 0.772917 0.042708 0.045833
0 0.358333 0.786806 0.068750 0.051389
0 0.333854 0.741667 0.053125 0.047222
0 0.305729 0.655556 0.040625 0.066667
0 0.372917 0.592361 0.029167 0.048611
0 0.367188 0.542361 0.040625 0.056944
0 0.518750 0.470833 0.041667 0.033333
0 0.475000 0.540278 0.056250 0.044444
0 0.466667 0.585417 0.045833 0.048611
0 0.435937 0.636111 0.040625 0.052778
0 0.386979 0.653472 0.048958 0.065278
0 0.450000 0.686806 0.039583 0.059722
0 0.497396 0.701389 0.038542 0.047222
0 0.498958 0.660417 0.043750 0.048611
