0 0.142361 0.798958 0.068056 0.039583
0 0.159028 0.700521 0.051389 0.036458
0 0.360417 0.682292 0.073611 0.031250
0 0.810417 0.561458 0.054167 0.045833
0 0.597917 0.531771 0.056944 0.040625
0 0.513889 0.597396 0.072222 0.034375
0 0.465278 0.575521 0.058333 0.032292
0 0.440278 0.617188 0.044444 0.040625
0 0.306250 0.629687 0.059722 0.051042
0 0.204861 0.640625 0.054167 0.031250
0 0.332639 0.598958 0.056944 0.045833
0 0.401389 0.582292 0.055556 0.037500
0 0.267361 0.585938 0.054167 0.042708
0 0.159722 0.573958 0.038889 0.037500
0 0.198611 0.563021 0.050000 0.044792
0 0.150000 0.507812 0.047222 0.034375
0 0.302778 0.556771 0.050000 0.034375
0 0.322222 0.530729 0.055556 0.040625
0 0.254167 0.492188 0.036111 0.034375
0 0.190278 0.408854 0.050000 0.036458
0 0.297917 0.444792 0.040278 0.035417
0 0.330556 0.492188 0.050000 0.040625
0 0.382639 0.483333 0.045833 0.039583
0 0.451389 0.480729 0.041667 0.028125
0 0.347917 0.450521 0.045833 0.044792
0 0.363194 0.411979 0.056944 0.032292
0 0.419444 0.422396 0.058333 0.038542
