0 0.389583 0.211458 0.065278 0.035417
0 0.636806 0.192188 0.065278 0.040625
0 0.611806 0.233333 0.084722 0.035417
0 0.765972 0.278646 0.051389 0.065625
0 0.652778 0.383854 0.052778 0.059375
0 0.211111 0.260937 0.083333 0.038542
0 0.220833 0.315625 0.066667 0.047917
0 0.237500 0.360938 0.033333 0.044792
0 0.207639 0.413021 0.081944 0.051042
0 0.236806 0.466667 0.073611 0.050000
0 0.849306 0.506771 0.070833 0.067708
0 0.189583 0.509896 0.079167 0.059375
0 0.243750 0.572917 0.101389 0.050000
0 0.136806 0.695833 0.106944 0.056250
0 0.140278 0.756250 0.086111 0.060417
0 0.251389 0.651563 0.063889 0.063542
0 0.306944 0.727083 0.044444 0.035417
0 0.350000 0.698438 0.088889 0.046875
0 0.434028 0.545833 0.062500 0.052083
0 0.432639 0.594792 0.065278 0.050000
0 0.486806 0.604688 0.065278 0.040625
0 0.521528 0.696354 0.126389 0.048958
0 0.594444 0.729167 0.083333 0.075000
0 0.572222 0.644792 0.077778 0.052083
0 0.663889 0.654687 0.094444 0.053125
0 0.804861 0.716667 0.054167 0.056250
0 0.697917 0.585417 0.084722 0.037500
