0 0.109028 0.093750 0.068056 0.072917
0 0.495139 0.089063 0.073611 0.076042
0 0.545833 0.180729 0.050000 0.044792
0 0.086111 0.228125 0.055556 0.045833
0 0.159028 0.227604 0.048611 0.048958
0 0.745833 0.205729 0.061111 0.046875
0 0.827083 0.239063 0.051389 0.032292
0 0.718750 0.254167 0.051389 0.033333
0 0.248611 0.338542 0.061111 0.041667
0 0.152083 0.375000 0.043056 0.031250
0 0.585417 0.339062 0.051389 0.040625
0 0.665278 0.336979 0.036111 0.055208
0 0.794444 0.316667 0.025000 0.035417
0 0.750000 0.342187 0.055556 0.036458
0 0.691667 0.369792 0.044444 0.043750
0 0.746528 0.390104 0.040278 0.032292
0 0.775694 0.372396 0.040278 0.034375
0 0.788194 0.432812 0.026389 0.040625
0 0.833333 0.588542 0.052778 0.039583
0 0.748611 0.532813 0.058333 0.048958
0 0.754861 0.493750 0.048611 0.031250
0 0.706944 0.484896 0.058333 0.036458
0 0.738194 0.447917 0.048611 0.037500
0 0.583333 0.377604 0.055556 0.042708
0 0.577778 0.421354 0.058333 0.036458
0 0.625694 0.430208 0.051389 0.033333
0 0.627778 0.455208 0.044444 0.037500
0 0.499306 0.426042 0.045833 0.037500
0 0.243056 0.446354 0.047222 0.034375
0 0.186111 0.468750 0.047222 0.035417
0 0.377778 0.449479 0.050000 0.051042
0 0.426389 0.470833 0.041667 0.033333
0 0.188889 0.511458 0.050000 0.035417
0 0.142361 0.545312 0.054167 0.036458
0 0.105556 0.591146 0.036111 0.044792
0 0.618056 0.836979 0.047222 0.059375
0 0.575694 0.818229 0.051389 0.038542
0 0.165972 0.593229 0.045833 0.051042
0 0.188889 0.650521 0.061111 0.048958
0 0.372222 0.612500 0.058333 0.041667
0 0.428472 0.561458 0.059722 0.043750
0 0.556250 0.656250 0.048611 0.039583
0 0.533333 0.606250 0.058333 0.033333
0 0.602778 0.495833 0.047222 0.033333
0 0.579861 0.515104 0.048611 0.038542
0 0.596528 0.539583 0.037500 0.031250
0 0.593056 0.598958 0.050000 0.039583
0 0.626389 0.584896 0.030556 0.036458
0 0.644444 0.554167 0.061111 0.033333
0 0.713889 0.561979 0.072222 0.032292
0 0.721528 0.593229 0.051389 0.038542
0 0.672917 0.601562 0.045833 0.040625
0 0.238194 0.544792 0.054167 0.043750
