0 0.055556 0.109375 0.052778 0.045833
0 0.029167 0.408333 0.050000 0.041667
0 0.188194 0.325000 0.054167 0.041667
0 0.333333 0.430208 0.052778 0.054167
0 0.125000 0.432292 0.052778 0.037500
0 0.094444 0.518229 0.041667 0.053125
0 0.175694 0.554688 0.043056 0.034375
0 0.218750 0.503646 0.062500 0.038542
0 0.284028 0.496354 0.054167 0.038542
0 0.912500 0.216667 0.044444 0.054167
0 0.869444 0.341667 0.047222 0.041667
0 0.806250 0.399479 0.045833 0.044792
0 0.827778 0.420833 0.038889 0.041667
0 0.857639 0.485938 0.056944 0.042708
0 0.752083 0.453646 0.056944 0.046875
0 0.747917 0.485417 0.054167 0.031250
0 0.572222 0.575521 0.052778 0.053125
0 0.713889 0.521354 0.047222 0.042708
0 0.809722 0.550000 0.052778 0.054167
0 0.850000 0.569792 0.055556 0.041667
0 0.733333 0.608854 0.058333 0.059375
0 0.688194 0.708333 0.054167 0.041667
0 0.800000 0.782813 0.055556 0.046875
0 0.853472 0.820833 0.043056 0.045833
