0 0.873487 0.407258 0.025424 0.037097
0 0.372276 0.255645 0.023002 0.037097
0 0.552663 0.341935 0.037530 0.048387
0 0.515133 0.419355 0.032688 0.064516
0 0.523608 0.460484 0.027845 0.040323
0 0.546610 0.417742 0.035109 0.045161
0 0.599274 0.446774 0.041162 0.035484
0 0.630751 0.523387 0.036320 0.056452
0 0.415860 0.459677 0.030266 0.051613
0 0.412228 0.519355 0.027845 0.048387
0 0.519976 0.539516 0.027845 0.046774
0 0.592615 0.550000 0.039952 0.061290
0 0.702785 0.683065 0.027845 0.062903
0 0.610169 0.673387 0.058111 0.056452
0 0.509685 0.608871 0.043584 0.043548
0 0.555690 0.705645 0.031477 0.046774
0 0.392857 0.644355 0.056901 0.050000
0 0.434625 0.710484 0.029056 0.043548
0 0.386199 0.730645 0.026634 0.064516
0 0.327482 0.717742 0.039952 0.054839
0 0.543584 0.731452 0.024213 0.033871
