0 0.139583 0.082812 0.043056 0.051042
0 0.655556 0.153646 0.050000 0.046875
0 0.850694 0.244792 0.051389 0.050000
0 0.815972 0.329688 0.073611 0.042708
0 0.159028 0.347917 0.056944 0.037500
0 0.344444 0.384375 0.050000 0.035417
0 0.198611 0.416146 0.052778 0.042708
0 0.261806 0.441146 0.062500 0.038542
0 0.327083 0.460417 0.059722 0.039583
0 0.211806 0.464062 0.051389 0.040625
0 0.145833 0.520833 0.047222 0.043750
0 0.193750 0.509896 0.043056 0.036458
0 0.286111 0.518229 0.047222 0.051042
0 0.373611 0.535937 0.063889 0.042708
0 0.240972 0.566146 0.059722 0.036458
0 0.142361 0.699479 0.054167 0.034375
0 0.230556 0.618229 0.061111 0.048958
0 0.306944 0.622917 0.058333 0.047917
0 0.312500 0.799479 0.061111 0.051042
0 0.426389 0.803646 0.066667 0.051042
0 0.826389 0.794792 0.063889 0.045833
0 0.670139 0.735938 0.037500 0.046875
0 0.843750 0.748958 0.079167 0.045833
0 0.892361 0.733333 0.045833 0.043750
0 0.680556 0.625000 0.066667 0.039583
0 0.862500 0.623958 0.058333 0.031250
0 0.781944 0.597917 0.047222 0.033333
0 0.816667 0.580729 0.044444 0.044792
0 0.774306 0.550521 0.051389 0.028125
0 0.741667 0.560417 0.047222 0.041667
0 0.679167 0.574479 0.055556 0.040625
0 0.563889 0.500521 0.047222 0.040625
0 0.849306 0.520833 0.054167 0.033333
0 0.761111 0.510417 0.052778 0.035417
0 0.708333 0.515104 0.044444 0.044792
0 0.619444 0.446875 0.058333 0.045833
0 0.753472 0.477083 0.054167 0.031250
0 0.772917 0.420833 0.056944 0.041667
0 0.858333 0.405729 0.050000 0.036458
0 0.662500 0.393750 0.069444 0.041667
0 0.712500 0.372396 0.044444 0.040625
0 0.661111 0.347396 0.061111 0.053125
