0 0.793750 0.655729 0.051389 0.053125
0 0.761111 0.585938 0.047222 0.044792
0 0.736806 0.533854 0.059722 0.044792
0 0.750694 0.423958 0.048611 0.043750
0 0.622222 0.405729 0.047222 0.048958
0 0.602778 0.482292 0.052778 0.035417
0 0.554167 0.450521 0.047222 0.038542
0 0.527778 0.411979 0.052778 0.042708
0 0.403472 0.714583 0.062500 0.047917
0 0.197917 0.721875 0.062500 0.060417
0 0.061806 0.682292 0.068056 0.045833
0 0.118056 0.604688 0.041667 0.042708
0 0.225000 0.601562 0.061111 0.044792
0 0.284722 0.510417 0.061111 0.060417
0 0.152778 0.458854 0.052778 0.053125
0 0.204861 0.432812 0.054167 0.030208
0 0.159028 0.527604 0.045833 0.046875
0 0.181250 0.560937 0.040278 0.032292
0 0.211806 0.542188 0.051389 0.051042
