0 0.845833 0.755208 0.027778 0.033333
0 0.827778 0.732292 0.044444 0.033333
0 0.852778 0.663021 0.072222 0.034375
0 0.401389 0.659375 0.038889 0.047917
0 0.178472 0.602083 0.045833 0.033333
0 0.221528 0.614062 0.040278 0.044792
0 0.294444 0.610938 0.033333 0.036458
0 0.375000 0.606250 0.052778 0.045833
0 0.329167 0.588021 0.036111 0.040625
0 0.296528 0.558333 0.043056 0.033333
0 0.198611 0.553125 0.050000 0.039583
0 0.309028 0.523438 0.056944 0.034375
0 0.359028 0.532292 0.043056 0.037500
0 0.393750 0.517708 0.051389 0.033333
0 0.453472 0.550521 0.048611 0.036458
0 0.414583 0.480729 0.040278 0.046875
0 0.165972 0.423958 0.043056 0.031250
0 0.218750 0.419271 0.045833 0.044792
0 0.266667 0.417708 0.036111 0.041667
0 0.302778 0.406250 0.075000 0.031250
0 0.396528 0.383854 0.034722 0.036458
0 0.446528 0.398958 0.043056 0.039583
0 0.756944 0.285938 0.038889 0.034375
0 0.579861 0.371354 0.040278 0.044792
0 0.703472 0.349479 0.031944 0.038542
0 0.667361 0.384375 0.048611 0.056250
0 0.747917 0.408333 0.045833 0.039583
0 0.708333 0.428125 0.038889 0.035417
0 0.743056 0.448958 0.047222 0.037500
0 0.829861 0.471875 0.043056 0.037500
0 0.620139 0.443750 0.043056 0.052083
0 0.682639 0.479687 0.054167 0.034375
0 0.581250 0.498958 0.045833 0.035417
0 0.611806 0.524479 0.040278 0.030208
0 0.616667 0.551562 0.044444 0.036458
0 0.581944 0.574479 0.041667 0.030208
0 0.683333 0.583333 0.044444 0.039583
0 0.734028 0.566146 0.070833 0.040625
