0 0.129167 0.147917 0.069444 0.043750
0 0.068056 0.482292 0.050000 0.037500
0 0.135417 0.482812 0.070833 0.038542
0 0.079861 0.626042 0.048611 0.039583
0 0.251389 0.674479 0.052778 0.040625
0 0.285417 0.540104 0.051389 0.063542
0 0.509722 0.480729 0.044444 0.048958
0 0.558333 0.509896 0.044444 0.034375
0 0.556250 0.616667 0.056944 0.047917
0 0.656944 0.600000 0.055556 0.068750
0 0.631250 0.398438 0.068056 0.030208
0 0.731944 0.434375 0.058333 0.041667
0 0.713889 0.499479 0.061111 0.036458
0 0.784722 0.484896 0.058333 0.051042
0 0.806944 0.528125 0.052778 0.041667
0 0.775694 0.572396 0.059722 0.044792
