0 0.881944 0.756771 0.077778 0.053125
0 0.685417 0.695833 0.068056 0.052083
0 0.604861 0.605729 0.070833 0.051042
0 0.659028 0.533854 0.056944 0.057292
0 0.702778 0.560937 0.041667 0.048958
0 0.790278 0.586458 0.055556 0.029167
0 0.718750 0.480729 0.051389 0.038542
0 0.365278 0.541667 0.055556 0.050000
0 0.195139 0.473438 0.059722 0.044792
0 0.103472 0.521875 0.062500 0.031250
0 0.231250 0.523958 0.059722 0.047917
0 0.197917 0.548438 0.037500 0.030208
0 0.126389 0.593229 0.055556 0.053125
0 0.236111 0.663542 0.066667 0.033333
0 0.163889 0.676042 0.061111 0.041667
0 0.239583 0.706250 0.062500 0.045833
0 0.115278 0.743750 0.055556 0.060417
0 0.028472 0.786458 0.051389 0.054167
