0 0.282639 0.228125 0.051389 0.039583
0 0.184028 0.267188 0.048611 0.042708
0 0.209028 0.306771 0.054167 0.030208
0 0.604167 0.341667 0.066667 0.041667
0 0.142361 0.529167 0.031944 0.047917
0 0.185417 0.533854 0.051389 0.036458
0 0.323611 0.547917 0.047222 0.031250
0 0.402083 0.527083 0.045833 0.039583
0 0.618056 0.454688 0.041667 0.061458
0 0.654167 0.465625 0.038889 0.037500
0 0.719444 0.490625 0.061111 0.045833
0 0.124306 0.671875 0.037500 0.033333
0 0.206944 0.719792 0.047222 0.033333
0 0.140972 0.846875 0.062500 0.043750
0 0.288889 0.686458 0.050000 0.043750
0 0.328472 0.748437 0.048611 0.044792
0 0.509028 0.589583 0.045833 0.047917
0 0.580556 0.628125 0.050000 0.041667
0 0.630556 0.735938 0.047222 0.057292
0 0.671528 0.615104 0.054167 0.038542
0 0.698611 0.655208 0.058333 0.037500
0 0.764583 0.700521 0.056944 0.044792
0 0.762500 0.648438 0.047222 0.046875
