0 0.494271 0.170833 0.063542 0.050000
0 0.476042 0.302083 0.047917 0.059722
0 0.499479 0.391667 0.034375 0.066667
0 0.451562 0.452083 0.053125 0.045833
0 0.491667 0.445139 0.043750 0.045833
0 0.602604 0.507639 0.044792 0.056944
0 0.518229 0.499306 0.038542 0.048611
0 0.791667 0.600000 0.035417 0.061111
0 0.474479 0.540278 0.030208 0.063889
0 0.515625 0.575694 0.047917 0.051389
0 0.564063 0.604861 0.040625 0.045833
0 0.708854 0.680556 0.038542 0.052778
0 0.478646 0.632639 0.032292 0.048611
0 0.535937 0.656944 0.042708 0.069444
0 0.584375 0.736806 0.047917 0.056944
0 0.528646 0.765278 0.040625 0.058333
0 0.471354 0.804861 0.034375 0.048611
0 0.370833 0.745139 0.047917 0.068056
