0 0.306250 0.727778 0.045833 0.077778
0 0.927083 0.654167 0.033333 0.063889
0 0.714583 0.737500 0.047917 0.066667
0 0.619271 0.692361 0.046875 0.065278
0 0.632812 0.622222 0.021875 0.050000
0 0.594792 0.618056 0.039583 0.072222
0 0.561458 0.625694 0.027083 0.054167
0 0.532292 0.654861 0.035417 0.056944
0 0.502083 0.626389 0.033333 0.052778
0 0.578646 0.568056 0.040625 0.069444
0 0.516146 0.504167 0.032292 0.041667
0 0.623958 0.393750 0.031250 0.031944
0 0.663542 0.389583 0.047917 0.051389
0 0.648438 0.351389 0.046875 0.050000
0 0.508854 0.402778 0.030208 0.041667
0 0.519792 0.356250 0.029167 0.045833
0 0.559375 0.366667 0.037500 0.044444
0 0.565104 0.325000 0.042708 0.055556
0 0.594271 0.297222 0.023958 0.041667
0 0.616667 0.273611 0.037500 0.047222
0 0.615104 0.204861 0.038542 0.040278
0 0.569271 0.217361 0.036458 0.045833
0 0.522917 0.300000 0.035417 0.052778
0 0.525000 0.205556 0.022917 0.050000
0 0.490625 0.193750 0.033333 0.040278
0 0.492188 0.229861 0.036458 0.048611
0 0.452083 0.211111 0.035417 0.038889
0 0.418229 0.218056 0.032292 0.050000
0 0.414062 0.281250 0.042708 0.062500
