0 0.120864 0.431985 0.046875 0.051879
0 0.607996 0.664828 0.029105 0.042892
0 0.625613 0.303105 0.038603 0.053105
0 0.607690 0.506944 0.037071 0.040033
0 0.424173 0.159109 0.042586 0.043709
0 0.410386 0.588031 0.043199 0.048611
0 0.352022 0.574142 0.034314 0.064951
0 0.292739 0.282680 0.021752 0.048203
0 0.603554 0.560662 0.036765 0.042075
0 0.594975 0.597018 0.023897 0.046977
0 0.341452 0.361520 0.032169 0.048203
0 0.423407 0.296364 0.037990 0.056781
0 0.407629 0.385621 0.032782 0.045752
0 0.369026 0.499183 0.039522 0.037582
