0 0.248611 0.179688 0.055556 0.044792
0 0.754167 0.589063 0.058333 0.055208
0 0.720833 0.469792 0.052778 0.075000
0 0.442361 0.417187 0.062500 0.048958
0 0.350000 0.371354 0.052778 0.042708
0 0.263889 0.355208 0.061111 0.043750
0 0.211806 0.357812 0.054167 0.055208
0 0.139583 0.321354 0.056944 0.055208
0 0.127083 0.364063 0.059722 0.026042
0 0.165278 0.402604 0.050000 0.046875
0 0.133333 0.433333 0.050000 0.043750
0 0.113889 0.492708 0.050000 0.029167
0 0.215972 0.496875 0.076389 0.045833
0 0.300000 0.486979 0.058333 0.069792
