0 0.056250 0.163021 0.062500 0.055208
0 0.211111 0.175000 0.055556 0.058333
0 0.437500 0.216146 0.075000 0.061458
0 0.788194 0.262500 0.070833 0.054167
0 0.846528 0.247917 0.051389 0.043750
0 0.146528 0.214062 0.051389 0.059375
0 0.025000 0.289062 0.047222 0.046875
0 0.058333 0.302604 0.052778 0.038542
0 0.123611 0.263021 0.050000 0.046875
0 0.315278 0.245312 0.047222 0.044792
0 0.202778 0.289583 0.066667 0.075000
0 0.270139 0.307812 0.051389 0.038542
0 0.375000 0.287500 0.055556 0.054167
0 0.735417 0.339583 0.065278 0.043750
0 0.872917 0.358854 0.040278 0.046875
0 0.665278 0.367188 0.052778 0.040625
0 0.625000 0.400521 0.047222 0.046875
0 0.689583 0.421875 0.059722 0.047917
0 0.510417 0.508333 0.068056 0.045833
0 0.576389 0.508333 0.066667 0.033333
0 0.679861 0.492188 0.051389 0.046875
0 0.732639 0.502083 0.059722 0.033333
0 0.661806 0.548438 0.056944 0.053125
0 0.615278 0.676042 0.047222 0.035417
0 0.345833 0.417708 0.072222 0.050000
0 0.300694 0.380208 0.056944 0.047917
0 0.237500 0.413542 0.063889 0.052083
0 0.168750 0.431250 0.062500 0.064583
0 0.060417 0.451562 0.054167 0.067708
0 0.018056 0.429167 0.030556 0.056250
0 0.183333 0.564063 0.066667 0.051042
0 0.063194 0.552604 0.056944 0.053125
0 0.040972 0.588021 0.056944 0.055208
0 0.113194 0.615104 0.056944 0.051042
0 0.200000 0.481250 0.075000 0.050000
