0 0.311111 0.159896 0.052778 0.048958
0 0.252778 0.233854 0.058333 0.042708
0 0.079861 0.323958 0.051389 0.041667
0 0.143056 0.337500 0.044444 0.035417
0 0.168056 0.359375 0.050000 0.041667
0 0.311111 0.310937 0.058333 0.030208
0 0.315972 0.381771 0.048611 0.038542
0 0.238194 0.382292 0.051389 0.033333
0 0.070139 0.420833 0.059722 0.056250
0 0.158333 0.432292 0.055556 0.043750
0 0.277778 0.434896 0.058333 0.040625
0 0.232639 0.510417 0.065278 0.056250
0 0.198611 0.546354 0.055556 0.051042
0 0.266667 0.567708 0.061111 0.031250
0 0.312500 0.596354 0.052778 0.069792
0 0.370833 0.554688 0.061111 0.044792
0 0.128472 0.613542 0.062500 0.052083
0 0.072917 0.651042 0.070833 0.052083
0 0.140972 0.724479 0.070833 0.042708
0 0.112500 0.842187 0.091667 0.051042
0 0.645833 0.688542 0.069444 0.050000
0 0.699306 0.288021 0.073611 0.036458
0 0.783333 0.303646 0.052778 0.051042
0 0.670139 0.327083 0.045833 0.031250
0 0.546528 0.356771 0.054167 0.021875
0 0.512500 0.381771 0.041667 0.032292
0 0.440278 0.506771 0.044444 0.040625
0 0.488194 0.478646 0.051389 0.036458
0 0.497222 0.583333 0.055556 0.035417
0 0.534722 0.551562 0.066667 0.038542
0 0.703472 0.595833 0.062500 0.041667
0 0.639583 0.559896 0.048611 0.042708
0 0.595139 0.542188 0.054167 0.038542
0 0.587500 0.504167 0.055556 0.041667
0 0.572222 0.481771 0.052778 0.028125
0 0.544444 0.413542 0.044444 0.033333
0 0.584722 0.407813 0.050000 0.030208
0 0.606944 0.445833 0.052778 0.037500
0 0.645139 0.371875 0.043056 0.047917
0 0.695833 0.384896 0.066667 0.036458
0 0.668056 0.441667 0.050000 0.031250
0 0.699306 0.426563 0.070833 0.040625
0 0.650694 0.516146 0.045833 0.042708
0 0.680556 0.503646 0.038889 0.042708
0 0.743750 0.457813 0.054167 0.038542
0 0.817361 0.389583 0.079167 0.041667
0 0.732639 0.548958 0.037500 0.035417
0 0.747917 0.534896 0.056944 0.044792
0 0.812500 0.509896 0.033333 0.036458
0 0.854167 0.564063 0.066667 0.042708
0 0.806944 0.469271 0.044444 0.030208
0 0.789583 0.452604 0.037500 0.034375
0 0.754167 0.345313 0.052778 0.038542
