0 0.871875 0.360417 0.045833 0.037500
0 0.727083 0.190278 0.041667 0.041667
0 0.639062 0.152083 0.057292 0.037500
0 0.635417 0.211111 0.037500 0.052778
0 0.523958 0.129861 0.062500 0.045833
0 0.443229 0.113194 0.046875 0.048611
0 0.461458 0.147917 0.033333 0.051389
0 0.392188 0.154861 0.046875 0.040278
0 0.334375 0.203472 0.043750 0.048611
0 0.205729 0.125694 0.048958 0.034722
0 0.209375 0.176389 0.056250 0.047222
0 0.467187 0.222917 0.059375 0.037500
0 0.505729 0.259722 0.038542 0.044444
0 0.535937 0.274306 0.038542 0.048611
0 0.459375 0.304167 0.054167 0.075000
0 0.364063 0.261111 0.042708 0.055556
0 0.314063 0.271528 0.055208 0.059722
0 0.317708 0.325000 0.050000 0.058333
0 0.510417 0.338889 0.033333 0.055556
0 0.599479 0.361806 0.055208 0.076389
0 0.575000 0.396528 0.039583 0.062500
0 0.677083 0.425694 0.037500 0.062500
0 0.615104 0.464583 0.046875 0.068056
0 0.751563 0.587500 0.046875 0.077778
0 0.210938 0.434028 0.053125 0.054167
0 0.072396 0.491667 0.057292 0.055556
0 0.333333 0.538194 0.072917 0.070833
0 0.389062 0.491667 0.063542 0.075000
0 0.488542 0.537500 0.047917 0.066667
0 0.606771 0.523611 0.051042 0.069444
0 0.653125 0.569444 0.037500 0.063889
0 0.690104 0.563194 0.055208 0.056944
0 0.450000 0.603472 0.054167 0.051389
0 0.477604 0.639583 0.057292 0.056944
0 0.412500 0.675000 0.054167 0.066667
0 0.372917 0.715278 0.043750 0.052778
0 0.366667 0.756944 0.054167 0.075000
0 0.251042 0.936111 0.054167 0.083333
0 0.369271 0.890972 0.063542 0.068056
0 0.402604 0.959722 0.071875 0.080556
0 0.449479 0.825694 0.073958 0.079167
0 0.470313 0.886806 0.048958 0.079167
0 0.518750 0.767361 0.047917 0.065278
0 0.504687 0.695833 0.046875 0.066667
0 0.558333 0.643056 0.045833 0.061111
0 0.550000 0.711806 0.045833 0.068056
0 0.596354 0.662500 0.057292 0.094444
0 0.596875 0.745833 0.039583 0.055556
0 0.657292 0.820833 0.050000 0.072222
0 0.660417 0.728472 0.039583 0.070833
0 0.656771 0.657639 0.036458 0.051389
0 0.720833 0.849306 0.050000 0.070833
0 0.865625 0.761111 0.041667 0.055556
0 0.904687 0.918056 0.048958 0.055556
0 0.834375 0.910417 0.052083 0.065278
0 0.788542 0.944444 0.043750 0.100000
