0 0.347733 0.407067 0.040441 0.049428
0 0.554994 0.304943 0.035233 0.038807
0 0.338542 0.556577 0.047794 0.057598
0 0.393689 0.430147 0.034314 0.045752
0 0.587469 0.631332 0.031556 0.051879
0 0.662684 0.678513 0.037990 0.040850
0 0.559896 0.540645 0.046262 0.046160
0 0.437347 0.281454 0.024816 0.038399
0 0.647365 0.274101 0.026961 0.032680
0 0.607996 0.365809 0.036458 0.038807
0 0.578891 0.338848 0.048713 0.052696
0 0.623775 0.507761 0.033701 0.067810
0 0.422028 0.528799 0.036458 0.025735
0 0.668505 0.459967 0.033701 0.048203
0 0.698529 0.550041 0.033701 0.060866
0 0.381893 0.665645 0.034007 0.037173
0 0.317862 0.701593 0.052390 0.046977
0 0.420190 0.489992 0.041973 0.043709
0 0.354779 0.677696 0.026348 0.040033
0 0.425398 0.596201 0.026654 0.036356
0 0.614890 0.587010 0.025123 0.041667
