0 0.367361 0.841146 0.087500 0.061458
0 0.328472 0.785937 0.081944 0.080208
0 0.190278 0.586979 0.086111 0.065625
0 0.555556 0.561458 0.063889 0.060417
0 0.082639 0.223438 0.070833 0.044792
0 0.098611 0.294271 0.055556 0.055208
0 0.181944 0.371875 0.077778 0.056250
0 0.190972 0.322917 0.084722 0.041667
0 0.321528 0.359375 0.073611 0.056250
0 0.322917 0.316146 0.087500 0.040625
0 0.303472 0.257292 0.076389 0.079167
0 0.514583 0.310937 0.104167 0.063542
0 0.395139 0.191146 0.068056 0.042708
0 0.515278 0.168229 0.075000 0.059375
0 0.519444 0.116667 0.077778 0.050000
0 0.589583 0.125521 0.059722 0.061458
