0 0.597917 0.034375 0.079167 0.066667
0 0.490972 0.038021 0.087500 0.073958
0 0.243750 0.154688 0.104167 0.076042
0 0.037500 0.596875 0.058333 0.060417
0 0.093750 0.612500 0.073611 0.045833
0 0.229861 0.645833 0.095833 0.056250
0 0.232639 0.771875 0.076389 0.066667
0 0.316667 0.732812 0.072222 0.057292
0 0.356250 0.696354 0.084722 0.061458
0 0.456944 0.683854 0.088889 0.053125
0 0.638194 0.731250 0.090278 0.054167
0 0.750000 0.758854 0.094444 0.084375
0 0.841667 0.843229 0.083333 0.059375
0 0.839583 0.773958 0.095833 0.070833
0 0.891667 0.724479 0.061111 0.061458
0 0.858333 0.609896 0.083333 0.065625
0 0.663194 0.573438 0.084722 0.059375
0 0.586111 0.581250 0.063889 0.058333
0 0.525000 0.586458 0.063889 0.066667
0 0.478472 0.478125 0.068056 0.056250
0 0.479167 0.418750 0.058333 0.062500
0 0.545139 0.369792 0.065278 0.056250
0 0.651389 0.491146 0.113889 0.067708
0 0.765278 0.359896 0.077778 0.053125
0 0.946528 0.379167 0.070833 0.087500
0 0.908333 0.490625 0.091667 0.070833
0 0.809722 0.477604 0.097222 0.046875
0 0.804861 0.440625 0.073611 0.054167
