0 0.145139 0.924479 0.076389 0.059375
0 0.296528 0.851042 0.070833 0.060417
0 0.101389 0.780208 0.144444 0.068750
0 0.345833 0.432292 0.069444 0.068750
0 0.096528 0.382812 0.073611 0.055208
0 0.087500 0.210417 0.100000 0.068750
0 0.163889 0.165625 0.069444 0.058333
0 0.263889 0.324479 0.069444 0.063542
0 0.340972 0.362500 0.081944 0.045833
0 0.380556 0.316146 0.088889 0.046875
0 0.381944 0.219271 0.080556 0.044792
0 0.352083 0.189062 0.073611 0.059375
0 0.515972 0.336458 0.084722 0.054167
0 0.552083 0.218229 0.079167 0.059375
0 0.689583 0.167708 0.056944 0.054167
0 0.887500 0.238021 0.086111 0.053125
0 0.625000 0.345833 0.077778 0.058333
0 0.613889 0.301042 0.072222 0.079167
0 0.561806 0.285417 0.090278 0.050000
