0 0.370404 0.474265 0.023897 0.043301
0 0.541820 0.480188 0.035846 0.020833
0 0.407782 0.563113 0.028186 0.042892
0 0.350643 0.273897 0.030944 0.043709
0 0.310355 0.323529 0.033701 0.055556
0 0.409773 0.271038 0.038297 0.062500
0 0.098346 0.263685 0.037990 0.047794
0 0.279259 0.726103 0.036458 0.029820
0 0.402574 0.717933 0.036765 0.033905
0 0.317555 0.605188 0.041360 0.052696
0 0.353094 0.576593 0.051164 0.036356
0 0.376072 0.620915 0.031556 0.040850
0 0.591452 0.333333 0.048713 0.037582
0 0.552083 0.458129 0.030637 0.033905
0 0.601716 0.661356 0.028186 0.035948
0 0.577665 0.593342 0.019914 0.051879
0 0.387561 0.651552 0.030025 0.037582
