0 0.483333 0.132812 0.066667 0.044792
0 0.312500 0.343229 0.066667 0.063542
0 0.190278 0.481771 0.072222 0.046875
0 0.096528 0.512500 0.065278 0.050000
0 0.140278 0.642708 0.077778 0.052083
0 0.272917 0.616146 0.090278 0.061458
0 0.327083 0.691667 0.054167 0.045833
0 0.371528 0.726042 0.065278 0.043750
0 0.693750 0.817708 0.062500 0.039583
0 0.499306 0.730729 0.068056 0.048958
0 0.446528 0.686979 0.054167 0.040625
0 0.441667 0.647396 0.063889 0.021875
0 0.458333 0.614583 0.075000 0.041667
0 0.438889 0.502604 0.063889 0.059375
0 0.447222 0.386979 0.055556 0.067708
0 0.502778 0.436979 0.119444 0.042708
0 0.522917 0.381771 0.062500 0.057292
0 0.609722 0.356250 0.058333 0.081250
0 0.614583 0.452083 0.054167 0.043750
0 0.559028 0.615104 0.068056 0.044792
0 0.615278 0.605208 0.063889 0.050000
0 0.675694 0.535417 0.065278 0.050000
0 0.811806 0.680208 0.054167 0.047917
0 0.863889 0.719792 0.072222 0.045833
0 0.814583 0.554167 0.070833 0.041667
0 0.888194 0.543750 0.076389 0.043750
0 0.948611 0.396875 0.052778 0.043750
0 0.713889 0.486458 0.058333 0.035417
0 0.711111 0.458333 0.066667 0.037500
0 0.728472 0.422917 0.095833 0.031250
0 0.755556 0.344271 0.069444 0.059375
