0 0.203125 0.361111 0.064583 0.055556
0 0.582812 0.178472 0.048958 0.054167
0 0.613542 0.259028 0.045833 0.056944
0 0.578646 0.281250 0.038542 0.068056
0 0.485938 0.374306 0.040625 0.040278
0 0.610938 0.363889 0.040625 0.069444
0 0.292708 0.570833 0.045833 0.061111
0 0.271875 0.694444 0.041667 0.063889
0 0.542708 0.462500 0.060417 0.041667
0 0.603646 0.506944 0.034375 0.052778
0 0.684375 0.690972 0.047917 0.065278
0 0.577083 0.600694 0.043750 0.062500
0 0.533333 0.658333 0.043750 0.061111
0 0.501563 0.565278 0.069792 0.069444
0 0.444271 0.562500 0.040625 0.041667
0 0.438021 0.725694 0.048958 0.056944
0 0.495312 0.780556 0.065625 0.050000
0 0.514583 0.851389 0.047917 0.058333
