0 0.195833 0.272222 0.075000 0.050000
0 0.333333 0.156944 0.050000 0.047222
0 0.498958 0.159028 0.039583 0.054167
0 0.646354 0.215972 0.042708 0.040278
0 0.519271 0.247917 0.048958 0.059722
0 0.557292 0.259722 0.037500 0.069444
0 0.660937 0.256944 0.048958 0.041667
0 0.634375 0.286806 0.041667 0.045833
0 0.612500 0.318750 0.045833 0.054167
0 0.568750 0.320833 0.043750 0.047222
0 0.603125 0.369444 0.045833 0.061111
0 0.715625 0.323611 0.050000 0.030556
0 0.741146 0.357639 0.046875 0.059722
0 0.926042 0.397222 0.039583 0.058333
0 0.764062 0.408333 0.069792 0.055556
0 0.665104 0.416667 0.059375 0.052778
0 0.742188 0.459722 0.057292 0.058333
0 0.630729 0.465972 0.065625 0.062500
0 0.848437 0.631944 0.055208 0.075000
0 0.573958 0.661806 0.062500 0.070833
0 0.732812 0.748611 0.063542 0.080556
0 0.787500 0.890972 0.083333 0.087500
0 0.706250 0.796528 0.068750 0.062500
0 0.607292 0.865972 0.060417 0.118056
0 0.409375 0.791667 0.064583 0.102778
0 0.497917 0.924306 0.062500 0.101389
0 0.755208 0.974306 0.056250 0.051389
0 0.129688 0.836111 0.107292 0.125000
