0 0.059028 0.528646 0.062500 0.067708
0 0.072917 0.624479 0.054167 0.038542
0 0.080556 0.692187 0.077778 0.067708
0 0.166667 0.748958 0.050000 0.081250
0 0.220833 0.729688 0.066667 0.090625
0 0.493750 0.682292 0.070833 0.064583
0 0.625694 0.502083 0.065278 0.060417
0 0.635417 0.555208 0.037500 0.043750
0 0.612500 0.570312 0.033333 0.046875
0 0.708333 0.748437 0.069444 0.057292
0 0.711111 0.691667 0.055556 0.056250
0 0.919444 0.882812 0.050000 0.055208
0 0.914583 0.806771 0.065278 0.048958
0 0.939583 0.754167 0.059722 0.041667
0 0.879861 0.707812 0.056944 0.040625
0 0.871528 0.657292 0.051389 0.045833
0 0.786111 0.629167 0.063889 0.062500
0 0.740278 0.598958 0.061111 0.070833
0 0.693750 0.567187 0.034722 0.040625
0 0.756250 0.545833 0.062500 0.054167
0 0.700000 0.476042 0.058333 0.062500
0 0.736111 0.501563 0.061111 0.032292
0 0.817361 0.523958 0.043056 0.039583
0 0.820139 0.492188 0.056944 0.040625
0 0.868750 0.480729 0.045833 0.034375
0 0.902778 0.506250 0.061111 0.037500
0 0.856250 0.552083 0.045833 0.037500
0 0.887500 0.593229 0.052778 0.038542
0 0.924306 0.603125 0.045833 0.054167
