0 0.050000 0.114062 0.044444 0.030208
0 0.145833 0.143750 0.052778 0.039583
0 0.276389 0.189583 0.044444 0.037500
0 0.326389 0.191146 0.055556 0.040625
0 0.403472 0.261458 0.076389 0.035417
0 0.360417 0.282813 0.048611 0.051042
0 0.325000 0.306250 0.044444 0.035417
0 0.418056 0.323437 0.061111 0.038542
0 0.570833 0.318750 0.050000 0.033333
0 0.614583 0.346875 0.054167 0.045833
0 0.348611 0.369792 0.069444 0.041667
0 0.285417 0.368229 0.048611 0.040625
0 0.251389 0.394271 0.030556 0.034375
0 0.235417 0.417708 0.065278 0.035417
0 0.307639 0.440104 0.051389 0.036458
0 0.356250 0.422396 0.048611 0.032292
0 0.357639 0.469792 0.059722 0.047917
0 0.152083 0.515104 0.068056 0.036458
0 0.081944 0.627604 0.050000 0.032292
0 0.163889 0.624479 0.052778 0.040625
0 0.154167 0.650000 0.044444 0.029167
0 0.261111 0.577083 0.058333 0.031250
0 0.235417 0.674479 0.070833 0.055208
0 0.298611 0.623958 0.033333 0.033333
0 0.318750 0.650000 0.051389 0.045833
0 0.400000 0.672917 0.052778 0.050000
0 0.356944 0.742188 0.050000 0.034375
0 0.432639 0.751042 0.043056 0.043750
0 0.562500 0.795312 0.036111 0.036458
0 0.800000 0.588542 0.061111 0.033333
0 0.758333 0.533854 0.052778 0.034375
0 0.484722 0.546354 0.047222 0.032292
0 0.425694 0.452083 0.048611 0.027083
0 0.570833 0.529687 0.041667 0.026042
0 0.662500 0.463021 0.041667 0.034375
0 0.609028 0.405729 0.048611 0.028125
0 0.498611 0.391146 0.061111 0.036458
0 0.497917 0.427604 0.043056 0.032292
0 0.531944 0.504167 0.038889 0.033333
0 0.539583 0.469792 0.056944 0.043750
0 0.572917 0.438542 0.054167 0.035417
