0 0.047222 0.306771 0.069444 0.046875
0 0.293750 0.269792 0.087500 0.060417
0 0.489583 0.272396 0.056944 0.036458
0 0.750000 0.229167 0.058333 0.031250
0 0.322917 0.328646 0.048611 0.028125
0 0.499306 0.345313 0.045833 0.040625
0 0.318056 0.402083 0.041667 0.041667
0 0.256944 0.471354 0.069444 0.046875
0 0.640972 0.480208 0.059722 0.037500
0 0.536806 0.496354 0.065278 0.038542
0 0.372222 0.565625 0.047222 0.045833
0 0.424306 0.560417 0.045833 0.041667
0 0.566667 0.570312 0.077778 0.044792
0 0.861806 0.870313 0.084722 0.073958
0 0.820833 0.772396 0.094444 0.051042
0 0.672917 0.662500 0.081944 0.056250
0 0.586806 0.651042 0.051389 0.037500
0 0.460417 0.638542 0.054167 0.052083
0 0.565972 0.701042 0.065278 0.054167
0 0.618750 0.698958 0.048611 0.045833
0 0.661111 0.821354 0.072222 0.055208
0 0.678472 0.891146 0.076389 0.057292
0 0.551389 0.855208 0.075000 0.062500
0 0.538194 0.924479 0.079167 0.036458
0 0.397917 0.892708 0.070833 0.054167
0 0.426389 0.861979 0.058333 0.053125
0 0.443750 0.751563 0.079167 0.051042
0 0.381944 0.693750 0.063889 0.047917
0 0.290972 0.689583 0.070833 0.047917
0 0.225000 0.705208 0.066667 0.033333
0 0.266667 0.736458 0.055556 0.045833
0 0.381944 0.735417 0.061111 0.043750
0 0.336806 0.766667 0.068056 0.056250
0 0.169444 0.768750 0.063889 0.052083
0 0.191667 0.817708 0.086111 0.060417
