0 0.720313 0.842361 0.048958 0.070833
0 0.528646 0.809028 0.061458 0.090278
0 0.442188 0.820139 0.059375 0.068056
0 0.351562 0.720833 0.044792 0.047222
0 0.445833 0.604861 0.041667 0.084722
0 0.090625 0.098611 0.041667 0.055556
0 0.160938 0.138194 0.069792 0.054167
0 0.169271 0.220833 0.044792 0.050000
0 0.311458 0.310417 0.050000 0.056944
0 0.304167 0.203472 0.035417 0.065278
0 0.332813 0.180556 0.040625 0.063889
0 0.356250 0.124306 0.033333 0.059722
0 0.396354 0.255556 0.048958 0.038889
0 0.394271 0.287500 0.051042 0.041667
0 0.453646 0.247917 0.046875 0.045833
0 0.454688 0.106944 0.028125 0.055556
0 0.532292 0.095139 0.045833 0.048611
0 0.692708 0.182639 0.047917 0.062500
0 0.714063 0.062500 0.046875 0.075000
0 0.625000 0.090278 0.054167 0.055556
