0 0.292708 0.088889 0.035417 0.041667
0 0.770833 0.113194 0.045833 0.040278
0 0.829688 0.117361 0.036458 0.062500
0 0.660937 0.162500 0.023958 0.041667
0 0.478646 0.159028 0.030208 0.043056
0 0.558333 0.211806 0.033333 0.037500
0 0.761979 0.202778 0.042708 0.047222
0 0.843229 0.229861 0.046875 0.043056
0 0.414583 0.240972 0.033333 0.031944
0 0.448958 0.273611 0.045833 0.058333
0 0.301563 0.254167 0.046875 0.047222
0 0.246875 0.296528 0.039583 0.070833
0 0.504687 0.334028 0.030208 0.051389
0 0.558854 0.293056 0.044792 0.063889
0 0.599479 0.309722 0.034375 0.044444
0 0.650521 0.281944 0.036458 0.072222
0 0.795312 0.294444 0.046875 0.027778
0 0.810937 0.325000 0.036458 0.044444
0 0.681771 0.320139 0.032292 0.040278
0 0.690625 0.367361 0.043750 0.043056
0 0.650000 0.346528 0.039583 0.054167
0 0.561979 0.357639 0.040625 0.048611
0 0.430208 0.359722 0.058333 0.050000
0 0.445312 0.403472 0.034375 0.043056
0 0.673958 0.442361 0.045833 0.040278
0 0.616667 0.467361 0.035417 0.048611
0 0.680208 0.489583 0.043750 0.048611
0 0.691667 0.552083 0.050000 0.068056
0 0.792188 0.581250 0.042708 0.054167
0 0.911979 0.710417 0.053125 0.048611
0 0.851562 0.912500 0.067708 0.077778
0 0.700000 0.686111 0.041667 0.058333
0 0.642188 0.602778 0.042708 0.055556
0 0.595313 0.649306 0.048958 0.037500
0 0.598437 0.730556 0.044792 0.063889
0 0.544271 0.729861 0.038542 0.095833
0 0.565104 0.805556 0.042708 0.047222
0 0.596875 0.595833 0.037500 0.050000
0 0.567708 0.597222 0.035417 0.050000
0 0.539062 0.615972 0.040625 0.051389
0 0.500521 0.478472 0.036458 0.043056
0 0.474479 0.506944 0.038542 0.055556
0 0.432812 0.536111 0.036458 0.047222
0 0.356771 0.542361 0.034375 0.065278
0 0.293750 0.560417 0.047917 0.043056
0 0.207292 0.588194 0.039583 0.056944
0 0.292187 0.643750 0.053125 0.045833
0 0.431250 0.644444 0.060417 0.050000
0 0.455208 0.682639 0.039583 0.045833
0 0.356250 0.675694 0.041667 0.045833
0 0.352083 0.732639 0.058333 0.065278
0 0.404167 0.717361 0.037500 0.048611
