0 0.440104 0.730556 0.055208 0.075000
0 0.603646 0.753472 0.034375 0.076389
0 0.746354 0.786806 0.061458 0.073611
0 0.780208 0.716667 0.054167 0.066667
0 0.703646 0.677778 0.055208 0.050000
0 0.642188 0.610417 0.057292 0.079167
0 0.707812 0.540972 0.051042 0.054167
0 0.525521 0.630556 0.055208 0.083333
0 0.473958 0.636806 0.047917 0.051389
0 0.473958 0.556250 0.060417 0.095833
0 0.435417 0.179861 0.052083 0.059722
0 0.504167 0.180556 0.039583 0.058333
0 0.472396 0.234722 0.051042 0.044444
0 0.492188 0.280556 0.065625 0.061111
