0 0.343750 0.673438 0.068056 0.055208
0 0.571528 0.664062 0.104167 0.063542
0 0.944444 0.415625 0.086111 0.056250
0 0.822222 0.155729 0.061111 0.088542
0 0.650000 0.254167 0.055556 0.056250
0 0.545833 0.229167 0.066667 0.045833
0 0.399306 0.246875 0.062500 0.047917
0 0.421528 0.305208 0.056944 0.043750
0 0.504167 0.346875 0.047222 0.037500
0 0.550000 0.342708 0.052778 0.045833
0 0.588889 0.277083 0.038889 0.037500
0 0.627778 0.303125 0.080556 0.043750
0 0.645139 0.374479 0.073611 0.067708
0 0.609028 0.425000 0.076389 0.058333
0 0.675694 0.464062 0.068056 0.059375
0 0.520833 0.507812 0.102778 0.059375
0 0.475694 0.544792 0.065278 0.041667
0 0.325694 0.397396 0.043056 0.048958
0 0.368750 0.449479 0.065278 0.042708
0 0.277083 0.478125 0.084722 0.050000
0 0.315278 0.540104 0.063889 0.032292
0 0.401389 0.571875 0.075000 0.037500
