0 0.603094 0.726920 0.042586 0.045343
0 0.571538 0.621324 0.022365 0.040850
0 0.606618 0.566993 0.035539 0.048203
0 0.442249 0.685253 0.039522 0.041258
0 0.440870 0.581904 0.046569 0.054330
0 0.435049 0.387051 0.034926 0.043709
0 0.381893 0.370711 0.029105 0.070670
0 0.373009 0.302900 0.024816 0.037173
0 0.400582 0.233864 0.027267 0.051062
0 0.597733 0.352737 0.030637 0.065768
0 0.643076 0.266748 0.033701 0.035948
0 0.449755 0.622958 0.014706 0.035131
0 0.344822 0.765931 0.026654 0.043301
0 0.675705 0.765319 0.040748 0.038807
0 0.868107 0.663603 0.033395 0.038807
0 0.169884 0.645833 0.029105 0.033497
0 0.425398 0.727941 0.020527 0.040033
