0 0.603860 0.395016 0.039216 0.026144
0 0.605852 0.434028 0.034007 0.050245
0 0.549326 0.515523 0.018995 0.046569
0 0.567708 0.325368 0.036152 0.029820
0 0.418045 0.284926 0.024816 0.043709
0 0.437653 0.415441 0.029718 0.028595
0 0.454197 0.542279 0.023591 0.039624
0 0.349571 0.399918 0.035539 0.043301
0 0.458027 0.623162 0.023897 0.036356
0 0.445159 0.690768 0.036152 0.037582
0 0.583487 0.654208 0.040135 0.041258
0 0.569853 0.688113 0.037377 0.042075
0 0.401654 0.706699 0.026961 0.035948
0 0.424173 0.786765 0.028493 0.033497
0 0.257966 0.703431 0.039828 0.051471
