0 0.293584 0.785484 0.037530 0.051613
0 0.322639 0.694355 0.042373 0.072581
0 0.395278 0.446774 0.035109 0.051613
0 0.535714 0.342742 0.037530 0.053226
0 0.450363 0.544355 0.033898 0.053226
0 0.377119 0.677419 0.044794 0.041935
0 0.422518 0.652419 0.041162 0.085484
0 0.584746 0.461290 0.031477 0.067742
0 0.496368 0.606452 0.036320 0.048387
0 0.524818 0.637903 0.030266 0.059677
0 0.562349 0.604032 0.037530 0.037097
0 0.616828 0.537903 0.030266 0.050000
0 0.672518 0.486290 0.039952 0.050000
0 0.871671 0.387097 0.033898 0.048387
0 0.850484 0.420968 0.037530 0.035484
0 0.854116 0.537097 0.020581 0.054839
0 0.648910 0.563710 0.041162 0.075806
0 0.611380 0.680645 0.046005 0.054839
0 0.728208 0.652419 0.032688 0.053226
0 0.781477 0.705645 0.044794 0.050000
0 0.664044 0.770161 0.027845 0.046774
