0 0.560080 0.393983 0.032883 0.030290
0 0.605101 0.493154 0.027044 0.025311
0 0.437154 0.336929 0.028580 0.034025
0 0.442071 0.625104 0.021819 0.033610
0 0.635986 0.660166 0.017517 0.036515
0 0.612938 0.606432 0.026122 0.035270
0 0.629687 0.533817 0.023970 0.025311
0 0.613553 0.446266 0.018132 0.026971
0 0.606945 0.305394 0.023356 0.021577
0 0.578519 0.335477 0.016902 0.025311
0 0.595421 0.336307 0.015058 0.029461
0 0.476490 0.380498 0.019975 0.036515
0 0.459281 0.409336 0.026122 0.037759
0 0.435771 0.525519 0.019668 0.031120
0 0.453903 0.377801 0.031961 0.027801
0 0.472649 0.636515 0.025814 0.022407
0 0.625845 0.343568 0.021819 0.042324
