0 0.600092 0.618572 0.026753 0.044624
0 0.646371 0.459626 0.029520 0.050574
0 0.551507 0.397578 0.024908 0.035274
0 0.555197 0.336804 0.038438 0.042074
0 0.530904 0.301105 0.025523 0.036124
0 0.561347 0.250531 0.027368 0.043774
0 0.430351 0.603910 0.015683 0.033999
0 0.434963 0.547599 0.027368 0.036974
0 0.417897 0.432852 0.030135 0.025074
0 0.417589 0.327454 0.023370 0.027624
0 0.384225 0.311092 0.029828 0.037399
0 0.363007 0.294093 0.022448 0.037399
0 0.180812 0.252656 0.028290 0.026774
0 0.581488 0.502975 0.036900 0.031024
0 0.443727 0.599660 0.014760 0.031449
