0 0.398131 0.299224 0.038297 0.035539
0 0.389400 0.563521 0.038603 0.047794
0 0.603094 0.305964 0.032782 0.024510
0 0.320312 0.350899 0.046875 0.044118
0 0.298407 0.267157 0.034314 0.058824
0 0.350643 0.259395 0.025429 0.049020
0 0.558670 0.200980 0.036458 0.049837
0 0.609222 0.628064 0.028493 0.038807
0 0.431373 0.285335 0.033088 0.049428
0 0.651808 0.530637 0.046262 0.047386
0 0.420037 0.332312 0.037377 0.027369
0 0.383119 0.597835 0.031556 0.042892
0 0.607384 0.252859 0.029718 0.026961
0 0.587010 0.238766 0.023284 0.043709
0 0.584712 0.357435 0.022978 0.058824
0 0.589461 0.415441 0.035539 0.032680
0 0.137868 0.520833 0.028799 0.053922
