0 0.438113 0.606413 0.032475 0.042075
0 0.256127 0.441789 0.033701 0.037173
0 0.597886 0.321283 0.018076 0.036356
0 0.382812 0.587623 0.028493 0.038807
0 0.349724 0.503472 0.031556 0.067402
0 0.415901 0.189951 0.036458 0.035131
0 0.630668 0.250817 0.030944 0.038399
0 0.437040 0.300449 0.034620 0.041258
0 0.430607 0.250817 0.028493 0.041667
0 0.549173 0.488358 0.022978 0.047794
0 0.547947 0.413399 0.018689 0.043301
0 0.376685 0.658088 0.027880 0.038399
0 0.407782 0.252451 0.026348 0.045752
0 0.429381 0.545956 0.031556 0.025735
0 0.101562 0.563521 0.023591 0.035539
0 0.476409 0.492239 0.014706 0.034314
