0 0.075666 0.466129 0.030266 0.045161
0 0.392252 0.312903 0.033898 0.074194
0 0.413438 0.395161 0.032688 0.038710
0 0.449758 0.414516 0.018160 0.051613
0 0.789346 0.457258 0.048426 0.059677
0 0.656174 0.461290 0.033898 0.048387
0 0.575061 0.520161 0.036320 0.050000
0 0.458232 0.569355 0.037530 0.051613
0 0.476998 0.612903 0.038741 0.041935
0 0.430993 0.642742 0.033898 0.040323
0 0.383777 0.633065 0.055690 0.043548
0 0.372881 0.736290 0.033898 0.040323
0 0.473971 0.701613 0.027845 0.038710
0 0.550847 0.708065 0.026634 0.058065
0 0.539346 0.658065 0.025424 0.035484
0 0.718523 0.805645 0.032688 0.040323
0 0.645278 0.585484 0.050847 0.035484
