0 0.541360 0.368668 0.039828 0.046977
0 0.236520 0.552492 0.042279 0.040441
0 0.597580 0.272672 0.048713 0.041258
0 0.343290 0.391544 0.026654 0.035539
0 0.624847 0.461806 0.034620 0.055964
0 0.613664 0.404208 0.037377 0.033905
0 0.129902 0.184641 0.041054 0.040850
0 0.601103 0.336601 0.037377 0.049837
0 0.555147 0.437296 0.022059 0.047794
0 0.577359 0.469158 0.024816 0.037990
0 0.595435 0.453023 0.021752 0.041667
0 0.358150 0.619281 0.040441 0.031863
0 0.313266 0.504698 0.032782 0.047794
0 0.337623 0.472018 0.036765 0.051879
0 0.384498 0.500000 0.054534 0.049837
0 0.528186 0.149306 0.037990 0.047794
0 0.557292 0.171977 0.036765 0.040033
0 0.764553 0.156658 0.035846 0.030637
0 0.348499 0.223856 0.022365 0.044118
0 0.437347 0.199142 0.021140 0.051879
0 0.410386 0.382353 0.035846 0.041667
0 0.377911 0.391953 0.032169 0.038807
0 0.380208 0.435253 0.033701 0.037990
0 0.452665 0.479779 0.033395 0.079657
0 0.409007 0.544730 0.023897 0.042075
0 0.596354 0.604575 0.035846 0.045752
0 0.413756 0.428922 0.035846 0.039216
0 0.559896 0.535743 0.032169 0.042892
0 0.538756 0.284109 0.031556 0.051879
0 0.428768 0.255310 0.029105 0.053922
0 0.300398 0.381740 0.038297 0.029820
