0 0.421875 0.514093 0.035539 0.058415
0 0.550398 0.751430 0.032782 0.038807
0 0.370558 0.415033 0.034620 0.048203
0 0.324142 0.520425 0.036152 0.034314
0 0.596354 0.662990 0.030944 0.067810
0 0.399663 0.250613 0.032782 0.071487
0 0.749694 0.754289 0.030025 0.037990
0 0.567402 0.411969 0.023897 0.059232
0 0.559743 0.690768 0.030025 0.042484
0 0.385263 0.740605 0.029105 0.039216
0 0.326440 0.235294 0.035233 0.049020
0 0.420496 0.270833 0.022978 0.035948
0 0.401808 0.362337 0.041360 0.037582
0 0.642004 0.278799 0.032782 0.037990
0 0.559130 0.268178 0.031250 0.052696
0 0.636795 0.325163 0.038909 0.054739
0 0.554228 0.347018 0.036765 0.051062
0 0.679841 0.364992 0.017157 0.046977
0 0.703278 0.369485 0.029718 0.033905
0 0.747549 0.602737 0.030025 0.032271
0 0.638634 0.789216 0.039522 0.031046
0 0.609222 0.752859 0.030944 0.061275
0 0.402880 0.666462 0.028799 0.047794
0 0.430453 0.660131 0.025735 0.044935
0 0.367034 0.648489 0.033088 0.047794
0 0.560815 0.656863 0.026654 0.031863
0 0.807445 0.513072 0.035846 0.026144
0 0.824602 0.767361 0.037684 0.036356
0 0.583946 0.361315 0.030637 0.034722
0 0.441023 0.593137 0.015625 0.036765
0 0.425858 0.618668 0.028186 0.024918
0 0.393995 0.622345 0.026348 0.037173
0 0.356005 0.613971 0.036152 0.038399
0 0.908241 0.773080 0.029718 0.058415
0 0.753523 0.371936 0.032169 0.044526
0 0.341452 0.559436 0.024203 0.071487
