0 0.625460 0.568832 0.038297 0.030637
0 0.392157 0.320261 0.026348 0.031863
0 0.392157 0.712010 0.022059 0.043301
0 0.428156 0.310253 0.019301 0.035539
0 0.638940 0.429330 0.029718 0.053105
0 0.647978 0.677288 0.025735 0.037582
0 0.535233 0.473448 0.033088 0.053105
0 0.550705 0.514910 0.030331 0.029820
0 0.637102 0.313930 0.030944 0.026552
0 0.365043 0.284926 0.021752 0.042075
0 0.356618 0.369281 0.023897 0.035948
0 0.409007 0.349877 0.018995 0.034722
0 0.431679 0.346609 0.024510 0.029820
0 0.348805 0.423815 0.026042 0.038807
0 0.435049 0.395629 0.033088 0.028186
0 0.449908 0.416667 0.025429 0.026144
0 0.457108 0.468954 0.031863 0.044118
0 0.357384 0.475490 0.019301 0.042484
0 0.377911 0.556168 0.026042 0.037173
0 0.545343 0.600899 0.022059 0.035948
0 0.568474 0.635825 0.025429 0.033088
0 0.602635 0.644199 0.030025 0.044935
0 0.617034 0.612949 0.021446 0.025735
0 0.653339 0.646038 0.030331 0.027369
0 0.647672 0.380923 0.026348 0.046977
0 0.574908 0.508578 0.021140 0.035131
0 0.553615 0.550041 0.020833 0.034722
0 0.574295 0.564338 0.026042 0.037990
0 0.534620 0.344158 0.025123 0.059232
0 0.554381 0.336397 0.018689 0.039624
0 0.575368 0.307394 0.019608 0.036356
0 0.596661 0.321283 0.027267 0.038807
0 0.577819 0.350490 0.020833 0.035948
0 0.777574 0.310866 0.028799 0.021242
0 0.772825 0.578840 0.029718 0.030229
0 0.368873 0.714665 0.023897 0.048611
0 0.335018 0.487337 0.027267 0.037582
0 0.671415 0.337418 0.016238 0.046569
