0 0.443015 0.615400 0.034926 0.069853
0 0.308670 0.419730 0.034007 0.053513
0 0.403799 0.712010 0.031250 0.042484
0 0.571998 0.393995 0.028186 0.076389
0 0.425398 0.427083 0.027267 0.045343
0 0.440411 0.499796 0.035846 0.051062
0 0.560202 0.258374 0.034620 0.050245
0 0.398897 0.392157 0.030637 0.040850
0 0.387102 0.273284 0.024816 0.044935
0 0.553768 0.338031 0.033395 0.041258
0 0.590074 0.446283 0.031250 0.042075
0 0.874847 0.747958 0.038297 0.055556
0 0.362898 0.714461 0.039522 0.076797
0 0.403493 0.442402 0.023284 0.036765
0 0.924479 0.655229 0.021140 0.051471
0 0.400735 0.299020 0.026348 0.045752
