0 0.412684 0.294118 0.029412 0.064542
0 0.378676 0.304126 0.033088 0.051062
0 0.407016 0.391136 0.018689 0.042892
0 0.419577 0.610090 0.040748 0.038807
0 0.645527 0.169935 0.035539 0.031046
0 0.443015 0.404003 0.031863 0.045752
0 0.459406 0.297998 0.035846 0.046977
0 0.349571 0.178309 0.021446 0.044526
0 0.403186 0.540645 0.033088 0.042075
0 0.131740 0.324142 0.056985 0.046977
0 0.166820 0.260212 0.048100 0.040850
0 0.592678 0.172590 0.031556 0.041258
0 0.603401 0.551879 0.023591 0.035948
0 0.352482 0.575163 0.035233 0.040850
0 0.525429 0.383374 0.019608 0.047794
0 0.552083 0.289420 0.018382 0.035539
0 0.582108 0.539828 0.023897 0.033088
