0 0.608303 0.352124 0.040748 0.048203
0 0.556526 0.576593 0.026042 0.046160
0 0.384038 0.236315 0.040135 0.033088
0 0.583487 0.481005 0.035233 0.039624
0 0.607996 0.304126 0.036458 0.048611
0 0.211244 0.239175 0.026654 0.048611
0 0.302083 0.277778 0.028186 0.042484
0 0.433211 0.239788 0.026348 0.069444
0 0.441789 0.327614 0.030025 0.035948
0 0.423560 0.341503 0.027880 0.037582
0 0.382812 0.492443 0.028493 0.048611
0 0.407782 0.462010 0.037990 0.062092
0 0.452206 0.496936 0.030025 0.039624
0 0.370098 0.554330 0.026961 0.044935
0 0.606464 0.260621 0.021752 0.045752
0 0.582261 0.279208 0.028493 0.051062
0 0.242341 0.313725 0.020221 0.044118
